node	size	children
11	65536.0	12	17
8	65536.0	11	15	19
2	16384.0	8	19
19	262144.0	23
9	262144.0	10	21
4	16384.0	9
3	65536.0	9	13
0	65536.0	12
13	16384.0	14
12	16384.0	18
21	262144.0
18	16384.0	20
17	16384.0	18
22	65536.0
20	16384.0	22
7	16384.0	20
5	65536.0	8	15
15	16384.0	16
16	16384.0	22
14	262144.0	16
10	262144.0	14
6	16384.0	10
1	16384.0	11
35	16384.0
39	262144.0
27	262144.0	31
31	262144.0	35
29	16384.0	31	33
26	262144.0	30
33	65536.0	38
25	65536.0	32	33	39
32	262144.0	34
30	262144.0	32
28	65536.0	30	36
36	65536.0	38
38	16384.0
34	16384.0	37
24	65536.0	34	37	39
37	262144.0
23	1523712.0	27
