node	size	children
29	16384.0	34
6	65536.0	23
9	262144.0	29	32
33	65536.0
32	16384.0	33
5	65536.0	16	30	32
16	65536.0	17
0	65536.0	14
14	262144.0	18
13	262144.0	16
30	65536.0
3	262144.0	14
8	262144.0	13
12	16384.0	13
26	16384.0	29
1	65536.0	17	22
17	16384.0	20
20	65536.0	25
15	262144.0	20	22	28
11	65536.0	15
28	65536.0
7	262144.0	15	24
2	16384.0	18	28
24	65536.0	25
18	262144.0	19
25	262144.0	27
19	262144.0	21
27	65536.0	31
10	262144.0	19
31	16384.0	33
21	65536.0	27
23	65536.0	31
4	65536.0	21	26
22	16384.0	23
53	16384.0	55	57
50	65536.0	53
62	262144.0
59	16384.0
45	262144.0	50
56	65536.0	59
60	65536.0	62
54	262144.0	60
43	65536.0	48	56
48	65536.0	50	53
52	262144.0	54	56	57
39	65536.0	48
51	16384.0	52
36	16384.0	51
46	16384.0	54
37	65536.0	46
44	262144.0	46
61	65536.0	62
47	16384.0	52	61
41	65536.0	47
38	16384.0	47	63
35	16384.0	49
63	262144.0
49	16384.0	51
58	16384.0
40	16384.0	49
42	16384.0	58
55	65536.0	59
57	65536.0	58	60
34	1966080.0	45
