node	size	children
21	16384.0	22
18	16384.0	23
17	65536.0	22
9	262144.0	18
5	262144.0	9	15
15	262144.0	16
16	262144.0	18
14	16384.0	16
1	262144.0	8	14
8	262144.0	10	21
2	65536.0	8	19
6	262144.0	13
19	16384.0	20
13	65536.0	20
0	262144.0	11	19
20	65536.0
11	262144.0	12	21
4	262144.0	11
7	16384.0	9
12	16384.0	17
10	16384.0	12
3	16384.0	10
22	262144.0
35	16384.0
24	262144.0	31	35
31	65536.0	32
29	65536.0	31	33	35
33	262144.0	34
28	65536.0	32	33
32	16384.0	36
36	65536.0	38
34	262144.0	36
30	262144.0	34
26	262144.0	30	37
37	262144.0
27	262144.0	30
38	16384.0
25	65536.0	38
23	1982464.0	24
