node	size	children
5	65536.0	19
12	16384.0	17
19	262144.0	22
17	16384.0	21
8	16384.0	17
0	262144.0
3	262144.0
1	16384.0	16
16	16384.0	21
18	65536.0
2	262144.0	16
14	16384.0
11	262144.0	18
21	16384.0
13	262144.0	18
7	65536.0	20
20	16384.0
4	65536.0	20
15	16384.0
6	16384.0
10	262144.0
9	16384.0	19
51	262144.0	55	58
39	16384.0	42	52	58
49	16384.0	51
27	65536.0	39
55	262144.0	59
25	16384.0	38
53	16384.0	55
50	16384.0	53
34	16384.0	37
46	262144.0	47	50
37	16384.0	41
44	65536.0	46	56
36	65536.0	37
59	262144.0
31	65536.0	44
24	65536.0	44
57	16384.0	59
56	262144.0	57
47	16384.0	57
33	262144.0
42	262144.0	46
41	262144.0	47	49
52	16384.0	53
35	16384.0	41
32	262144.0	40	49
40	65536.0	42
26	16384.0	40	54
30	262144.0	39
54	262144.0
28	262144.0	43
43	16384.0	45
29	65536.0	45	54
45	65536.0	48
38	65536.0	43
58	16384.0
48	16384.0	51
23	262144.0	38
22	1949696.0	27
