node	size	children
13	262144.0	17
11	262144.0	13
10	16384.0
16	262144.0
0	262144.0	16
5	262144.0	14
4	16384.0
14	65536.0
7	262144.0	14
8	16384.0	15
15	16384.0	16
9	65536.0
2	16384.0	15
1	16384.0	13
3	65536.0	12
12	65536.0
6	16384.0	12
21	16384.0	32
30	16384.0	32
49	262144.0	51
46	16384.0	49
26	262144.0	38
52	65536.0
51	16384.0
22	262144.0	31
31	262144.0	34
50	16384.0	51
45	16384.0
23	262144.0	31
43	65536.0	50
27	16384.0	37
34	65536.0	39	44
37	16384.0	45
35	65536.0	43
20	16384.0	34	40
48	262144.0
36	262144.0	37
40	65536.0	41
24	65536.0	35
19	262144.0	35
29	65536.0	36	50
41	16384.0	43
39	262144.0	41	46
42	16384.0	45
38	262144.0	39
25	262144.0	33	42	48	52
33	16384.0	36
18	16384.0	38	44
44	262144.0	47
28	262144.0	33
47	65536.0	49
32	262144.0	47
17	6356992.0	21
