node	size	children
2	16384.0	10
7	262144.0	10	22
22	262144.0	24
0	262144.0	12	14	16
12	65536.0	19	20
6	262144.0	12
20	65536.0	23
8	262144.0	9	20
5	262144.0	11
11	262144.0	13
21	262144.0
9	262144.0	11
19	16384.0	21
3	262144.0	9
17	262144.0	19
23	65536.0
16	65536.0	17
18	16384.0	23
14	65536.0	16
1	262144.0	15	18
4	16384.0	17
15	16384.0	21
13	65536.0	15
10	262144.0	13	22
39	16384.0	42
38	65536.0	39
30	65536.0	31	38
37	65536.0	39	42
42	262144.0
25	16384.0	33
33	16384.0	35	36	37
31	65536.0	33
28	16384.0	31	34
35	65536.0
34	262144.0	35	40
29	16384.0	32	34
32	65536.0	41
26	16384.0	32
41	16384.0
40	262144.0	41
27	16384.0	36	40
36	262144.0
24	2637824.0	30
