node	size	children
27	16384.0	30
10	16384.0	19
25	16384.0	27
8	65536.0	26
12	65536.0	25	37
1	16384.0	23
37	65536.0	38	47
38	65536.0	44
34	262144.0	38
30	262144.0	34
17	16384.0	30
20	65536.0	32
0	16384.0	20
44	65536.0	46
43	16384.0	44
13	65536.0	20	33	43
33	65536.0	34	43
23	16384.0	25	33	45
4	16384.0	23
31	65536.0	32
26	16384.0	31
16	16384.0	18
19	16384.0	26
18	262144.0	24	37	45
6	65536.0	19
15	65536.0	18
24	65536.0	27
21	262144.0	24	41
9	262144.0	21
14	262144.0	21
41	16384.0	42
42	262144.0	48
40	262144.0	42
39	262144.0	40
28	65536.0	31	39
5	16384.0	28
7	65536.0	28
46	65536.0
45	65536.0	46
47	65536.0
22	16384.0	29	47
3	262144.0	22
2	262144.0	22
29	262144.0	36
11	65536.0	29
36	16384.0	40
35	16384.0
32	65536.0	35
50	262144.0	74
70	65536.0	77
60	16384.0	74
83	65536.0	84
66	16384.0	70
87	65536.0	94
75	262144.0	78
68	65536.0	70
54	262144.0	75
64	262144.0	68
56	65536.0	75
67	65536.0	68
94	16384.0
85	262144.0	86	95
95	65536.0	96
92	16384.0	94
97	16384.0
91	16384.0	92
80	16384.0	92
58	262144.0	80
79	16384.0	80	89
61	262144.0	71
76	16384.0	79
59	65536.0	76
84	65536.0	88
71	16384.0	84
55	16384.0	71	89	93
89	16384.0	90
90	65536.0
82	262144.0	90
62	16384.0	82	93	97
93	262144.0
51	16384.0	69
69	16384.0	73	87	97
96	262144.0
57	16384.0	69
88	16384.0	96
73	262144.0	76	83	85
86	16384.0	88
78	262144.0	86
52	16384.0	73
53	65536.0	78
81	16384.0	82	91
63	65536.0	72
72	65536.0	77
65	65536.0	81
49	262144.0	72
74	262144.0	81
77	65536.0	79	85	87
48	9650176.0	50
