node	size	children
12	16384.0	15
9	65536.0	12
6	262144.0	12
17	262144.0	21
3	262144.0	17
21	262144.0	30
18	16384.0	21	28
0	262144.0	14	18	22
7	65536.0	18
14	262144.0	19	20
28	65536.0	29
10	16384.0	14
29	65536.0
13	262144.0	16
1	65536.0	13
11	65536.0	13
16	16384.0	19
2	262144.0	11
8	16384.0	11	26
5	65536.0	16
20	16384.0	23
26	262144.0	27
19	262144.0	25
27	262144.0	29
25	65536.0
24	65536.0	27
23	65536.0	25
4	16384.0	15	24	28
22	262144.0	23
15	262144.0	17
42	16384.0	44
54	65536.0	56
33	16384.0	42
44	262144.0	46	55
49	262144.0	54
31	65536.0
52	65536.0	54
40	16384.0	44
45	262144.0	49	58
56	16384.0
32	262144.0	45
55	65536.0	56
58	262144.0
48	65536.0	50	55
46	16384.0	48
36	262144.0	46	51
59	65536.0
51	16384.0	52
37	262144.0	48	59
34	262144.0	43	51
43	65536.0	45
57	16384.0
38	65536.0	43
53	65536.0	57
41	16384.0	47	49	53
47	16384.0	50
39	65536.0	47
50	16384.0	52
35	65536.0	42
30	7159808.0	33
