node	size	children
4	262144.0	24
24	262144.0	29
3	16384.0	24
39	65536.0	43
23	16384.0	29
38	16384.0	39
8	65536.0	23
21	16384.0	23
15	65536.0	21
37	262144.0	39
7	16384.0	21	32
35	16384.0	37
32	262144.0	46
27	16384.0	35
14	65536.0	17	32
5	65536.0	27
17	262144.0	19
34	16384.0
29	16384.0	31	34
16	65536.0	17
19	16384.0	25
1	262144.0	19	40
40	65536.0	41
41	65536.0	45
36	16384.0	41
6	65536.0	28	30	36
28	65536.0	35	38
25	262144.0	28
10	262144.0	25
22	262144.0	27
9	262144.0	22
12	65536.0	22	30
30	65536.0	33	38
33	262144.0	37	42
31	65536.0	33
26	262144.0	31
2	65536.0	26
20	16384.0	26
0	262144.0	20
13	262144.0	18	42
18	16384.0	20	34
11	262144.0	18
43	16384.0
42	16384.0	43	44
44	65536.0	45
45	65536.0
74	16384.0	78
58	262144.0	61	73
50	16384.0	70
73	262144.0	74
70	262144.0	74
64	262144.0	66	73	77
68	65536.0	70
66	16384.0	69
60	262144.0	68
56	65536.0	66
52	65536.0	60
49	16384.0	60
67	65536.0	68
61	65536.0	62	79
65	65536.0	67	71
53	262144.0	65
51	16384.0	65
71	16384.0	72
72	16384.0	80
77	262144.0	78
69	262144.0	72	76
75	262144.0
57	65536.0	61
62	65536.0	64	69
55	16384.0	75
81	65536.0
59	262144.0	62	76
48	262144.0	67	81
76	262144.0	82
82	16384.0
79	262144.0	82
80	262144.0
47	65536.0	63
63	16384.0	64	75	79
78	16384.0	80
54	262144.0	63
46	9994240.0	58
