node	size	children
29	16384.0	31
25	65536.0	29
24	65536.0	25
2	65536.0	24
34	65536.0	35
17	65536.0	24
39	262144.0	40
6	65536.0	23	34
15	65536.0	17
23	262144.0	27	38
32	16384.0	39
3	262144.0	15	28
22	262144.0	23	32
28	262144.0	35	38
13	262144.0	22	32
0	262144.0	21
9	262144.0	22
7	262144.0	15	28
35	65536.0	39
31	65536.0	33
33	262144.0
27	262144.0	33
38	262144.0
26	16384.0	27	36
11	65536.0	16
20	16384.0	25	26
16	16384.0	17	26
10	262144.0	16	30
12	16384.0	20
30	16384.0	31	34	36
1	65536.0	20
37	262144.0
5	65536.0	18	30
21	16384.0	37
18	262144.0	29
36	16384.0	37
4	16384.0	19
19	16384.0	21
14	262144.0	18
8	262144.0	19
70	65536.0
50	16384.0	58
58	262144.0	60
53	262144.0	58
75	16384.0
60	65536.0	67
74	65536.0	75
47	16384.0	60	76
76	65536.0	77
69	65536.0	74
77	262144.0
67	16384.0	69
54	262144.0	57
73	65536.0	77
66	65536.0	67
71	16384.0	73
62	16384.0	63	66
63	65536.0	71
45	65536.0	62
44	262144.0	55
57	65536.0	62
61	65536.0	63
43	65536.0	61
52	16384.0	57	68
59	262144.0	61
68	65536.0	71	72
55	16384.0	59
46	16384.0	64	68	70
42	65536.0	55
64	16384.0	65	66	72
51	262144.0	64
65	65536.0	69	74
41	262144.0	56
49	262144.0	65
56	16384.0	59	76
72	16384.0	73
48	16384.0	56
40	8978432.0	50
