node	size	children
0	16384.0	11
10	65536.0	11
2	16384.0	10
1	65536.0	12
5	16384.0
8	16384.0
6	16384.0	9
9	65536.0
7	16384.0	9
4	262144.0
3	16384.0	10
11	262144.0
30	65536.0	33
16	16384.0	23	30	32
32	262144.0
33	65536.0
34	262144.0
31	16384.0	33
27	65536.0	31
26	16384.0	27
17	65536.0	25	26
13	65536.0	22
22	16384.0	24	26
14	262144.0	22
24	65536.0	27
20	65536.0	24	28
28	65536.0	29	30
29	16384.0	31	32	34
21	65536.0
18	65536.0	21
25	262144.0	29
15	65536.0	21
23	16384.0	25
19	262144.0	23
12	950272.0	16
