node	size	children
22	65536.0	23
20	65536.0	22
14	65536.0	20	26	38
26	262144.0	29
29	65536.0	33
21	262144.0	29
37	16384.0	41
13	262144.0	24
19	16384.0	21
35	16384.0	37
8	16384.0	19	28
30	16384.0	35
28	16384.0	30	36
3	16384.0	16	40
24	262144.0	28
36	262144.0
4	65536.0	15
33	16384.0	39
2	262144.0	24
12	65536.0	21
16	16384.0	27
0	262144.0	16
31	262144.0	33
27	16384.0	37
10	65536.0	20
39	262144.0
25	16384.0	27	31
38	262144.0	39
34	65536.0
23	65536.0	25
1	262144.0	17	34
15	65536.0	23
17	262144.0	19
5	65536.0	15	34	40
11	262144.0	22	26	32
9	16384.0	17	32
18	262144.0	25	31
40	262144.0
32	65536.0	35
6	65536.0	18
7	65536.0	18
46	262144.0	66
66	262144.0	71
45	16384.0	66
81	65536.0	85
65	16384.0	71
80	16384.0	81
50	65536.0	65
63	16384.0	65
57	65536.0	63
79	262144.0	81
49	16384.0	63	74
77	16384.0	79
74	262144.0
69	16384.0	77
56	65536.0	59	74
47	65536.0	69
59	262144.0	61
76	16384.0
71	16384.0	73	76
58	65536.0	59
61	16384.0	67
43	262144.0	61	82
82	65536.0	83
83	65536.0	87
78	16384.0	83
48	65536.0	70	72	78
70	65536.0	77	80
67	262144.0	70
52	262144.0	67
64	262144.0	69
51	262144.0	64
54	65536.0	64	72
72	65536.0	75	80
75	262144.0	79	84
73	65536.0	75
68	262144.0	73
44	65536.0	68
62	16384.0	68
42	262144.0	62
55	262144.0	60	84
60	16384.0	62	76
53	262144.0	60
85	16384.0
84	16384.0	85	86
86	65536.0	87
87	65536.0
41	2899968.0	46
