node	size	children
28	65536.0	31
15	262144.0	18	20	24
3	65536.0	12	28
2	262144.0	15
12	16384.0	13	22
7	262144.0	12
13	16384.0	15
11	16384.0	13
8	65536.0	11
9	262144.0	21
6	262144.0	11
20	65536.0	22	23
22	262144.0	29
29	65536.0
23	262144.0	25
21	262144.0	23
30	65536.0
18	65536.0	21
0	16384.0	17	30
17	262144.0	19
10	65536.0	16	18
19	16384.0	27
16	262144.0	17
5	262144.0	14
1	65536.0	19
27	65536.0	29
14	262144.0	16	20
4	16384.0	14	26	30
25	262144.0	27
26	262144.0
24	16384.0	25
45	262144.0	49
57	16384.0	58
43	262144.0	45	55
42	16384.0	49	57
55	65536.0	60
58	262144.0	62
60	65536.0
56	65536.0	58
53	65536.0	60
54	262144.0	56
48	262144.0	53
32	262144.0	48
37	262144.0	46
36	16384.0	51	57
46	65536.0	56
39	262144.0	46
40	16384.0	47
47	16384.0	48
41	65536.0	51
34	16384.0	47	59
33	16384.0	45
59	65536.0	64
64	16384.0
62	65536.0
35	65536.0	44	61
63	16384.0	64
44	65536.0	50	59	63
61	262144.0	62
52	16384.0	54	63
38	16384.0	44
50	65536.0	52
51	16384.0	52	54
49	262144.0	50
31	7979008.0	43
