node	size	children
26	262144.0	27
23	262144.0	29
7	16384.0	13	26
29	16384.0	30
13	65536.0	16
4	262144.0	13	24
28	65536.0	29
24	65536.0	25
14	16384.0	16	24	28
25	262144.0	27
3	16384.0	14	18
18	262144.0	23
27	65536.0
10	65536.0	12	26
2	16384.0	18	20
20	65536.0	21
21	16384.0	25
15	16384.0	21	28
8	16384.0	15
11	65536.0	15
6	65536.0	11
5	65536.0	11
22	65536.0
16	65536.0	17	22
0	16384.0	12	22
17	65536.0	19
12	65536.0	19
9	16384.0	17
19	262144.0	23
1	262144.0	14
49	16384.0	52	63
54	16384.0	64
52	262144.0	60
44	262144.0	49
35	65536.0	44
33	65536.0	46
46	65536.0	51	61
45	65536.0	54
36	16384.0	46
51	16384.0	56	63
31	16384.0	45
48	16384.0	51
40	262144.0	45	53
53	16384.0	56
32	16384.0	48	57
39	262144.0	49
50	262144.0	52	53
57	16384.0	58
47	262144.0	50	55
37	65536.0	48	57	59
59	262144.0
34	262144.0	50
38	65536.0	47
43	16384.0	47
42	262144.0	44
55	262144.0	62
62	65536.0
61	65536.0
60	65536.0	62
64	16384.0
58	65536.0	60
63	16384.0	64
56	65536.0	58
41	262144.0	54
30	1900544.0	35
