node	size	children
7	262144.0	9
23	65536.0	26
8	262144.0	19	20
19	16384.0	21
11	262144.0	23
1	16384.0	11
17	65536.0	19
3	65536.0	11
15	65536.0	17	18
13	262144.0	15	24
12	65536.0	13
9	65536.0	12	24
2	262144.0	15	22
4	16384.0	9
18	16384.0
5	16384.0	12
21	16384.0	25
20	16384.0	21
25	16384.0
24	262144.0	25
22	262144.0
0	16384.0	10	14	16	22
10	16384.0	13
6	65536.0	10	14
14	262144.0	23
16	16384.0	17
32	65536.0	38
30	262144.0	38
36	16384.0	39
34	16384.0	36	42
27	262144.0	36
42	65536.0	43
43	262144.0	45
35	16384.0	43
28	16384.0	35
31	65536.0	35	44
48	65536.0
44	65536.0	45
45	16384.0	47
47	262144.0	49
41	262144.0	47
49	262144.0
33	65536.0	37
37	262144.0	41
29	16384.0	37	46
40	65536.0
46	65536.0	49
38	262144.0	39	40
39	16384.0	41	46	48
26	5472256.0	32
