node	size	children
48	65536.0	50
3	65536.0	30	48
30	65536.0	31
16	262144.0	32	34
31	16384.0	35
32	65536.0	37
35	262144.0	43
4	16384.0	32	46
46	65536.0	47
29	16384.0	35
28	65536.0	29
20	16384.0	24	46
26	65536.0	28
6	65536.0	20	34	36
34	262144.0	39
19	16384.0	26
39	262144.0	41
10	262144.0	19
37	262144.0	39	42
14	65536.0	19
33	16384.0	37
5	262144.0	26
8	16384.0	33
9	262144.0	28
17	65536.0	33
18	65536.0	20
42	65536.0	48
23	262144.0	31	42
2	16384.0	23	44
44	262144.0
43	16384.0	49
49	16384.0
38	65536.0	43
15	16384.0	21
47	262144.0	49
0	16384.0	23	38
21	16384.0	27
1	16384.0	21
13	16384.0	29
27	16384.0	30
7	65536.0	22
25	262144.0	27
24	65536.0	25
12	262144.0	24
22	65536.0	25	40
11	65536.0	22	40
40	262144.0	41
41	65536.0	45
45	65536.0	47
36	65536.0	45
51	65536.0	80
80	65536.0	81
61	262144.0	80
55	262144.0	71
64	262144.0	82	84
82	262144.0	83
75	16384.0	82
65	16384.0	75
74	262144.0	75	86
58	16384.0	74	88	90
88	65536.0	89	90
89	262144.0	91	92	96
60	65536.0	77
77	16384.0	79
87	16384.0	89
76	65536.0	77
84	16384.0	87
66	16384.0	76
85	262144.0	87
56	16384.0	76
54	16384.0	85
83	16384.0	85
81	262144.0	83
79	16384.0	81
71	65536.0	79
52	65536.0	71	93
93	16384.0	95
59	16384.0	72	93	94
72	16384.0	73	96
57	262144.0	72
73	262144.0	78
53	16384.0	73
78	262144.0	91
69	65536.0	78	94
68	16384.0	69
67	16384.0	69
94	65536.0
97	262144.0
90	65536.0	97
62	262144.0	70
70	65536.0	74
63	262144.0	70
98	262144.0
96	16384.0	98
91	65536.0
86	16384.0	92
92	16384.0	95
95	16384.0	97
50	3178496.0	51
