node	size	children
21	262144.0	22
0	262144.0	12	25
12	65536.0	15
6	65536.0	18	21
9	262144.0	14	25
18	262144.0	26
2	262144.0	12
15	65536.0	20
26	16384.0	30
11	65536.0	15
20	16384.0	26
19	16384.0	20
4	262144.0	13
13	65536.0	16
1	65536.0	13
16	65536.0	19
8	262144.0	16
29	65536.0	31
30	16384.0
28	65536.0	30
7	65536.0	17
17	65536.0	18
3	65536.0	17	23
23	16384.0	24
10	65536.0	14	28
24	262144.0	29
27	65536.0
14	16384.0	19
22	262144.0	24	28
5	262144.0	22
25	262144.0	27
39	16384.0	47	56	58
56	65536.0	57	60
63	16384.0	65
32	16384.0	46
44	16384.0	50
52	65536.0	53	56
61	16384.0	63
41	16384.0	55
49	65536.0	52
58	16384.0	61
38	262144.0	47
35	65536.0	49
53	16384.0	65
33	16384.0	49	54
54	262144.0	58
50	65536.0	53
40	16384.0	52	54	62
46	262144.0	50
62	262144.0	63
36	262144.0	46	60
51	262144.0	59	62
60	16384.0
59	65536.0	61
57	65536.0	59	64	66
55	65536.0	57
37	16384.0	55	64
64	262144.0
34	262144.0	48
48	16384.0	51
45	16384.0	48
66	262144.0
42	16384.0	45
43	262144.0	45
47	16384.0	51
65	262144.0
31	2375680.0	39
