node	size	children
20	65536.0	22	27
7	65536.0	20	29
29	65536.0	31
23	16384.0	26
16	262144.0	19	23
28	65536.0	30
6	262144.0	15
15	65536.0	17
17	262144.0	28
10	16384.0	16
30	16384.0
4	65536.0	15
24	262144.0	30
5	16384.0	16
2	16384.0	17
26	262144.0
21	16384.0	24
25	262144.0	26
18	262144.0	20	21
27	16384.0	28
14	262144.0	18
22	262144.0	24	27
3	16384.0	14
19	262144.0	22	25	29
13	262144.0	19
11	262144.0	18
0	65536.0	12
12	262144.0	14
1	262144.0	13
9	16384.0	12
8	65536.0	13
32	16384.0	46	53
35	65536.0	48
46	262144.0	50
54	16384.0	56
62	65536.0
41	262144.0	46
53	262144.0	54
50	65536.0	52	55
61	262144.0	62
42	65536.0	44	53
36	65536.0	50
51	16384.0	52	61
44	16384.0	49
38	16384.0	51
39	65536.0	44
49	16384.0	51	55
43	16384.0	49	59
59	262144.0	60
60	65536.0
37	16384.0	45	59
52	16384.0	63
45	65536.0	47	57
56	65536.0	60
63	262144.0
34	65536.0	45
40	16384.0	56	57
57	16384.0	58
33	262144.0	47
58	262144.0	62	63
47	16384.0	48
55	65536.0	58
48	262144.0	54
31	2375680.0	32
