node	size	children
1	16384.0	12
8	65536.0	11
7	16384.0	15
15	16384.0	19	26
5	65536.0	15
27	16384.0	28
19	65536.0
26	65536.0	27
14	262144.0	19
4	65536.0	14	22	25
22	65536.0	24
18	65536.0	21	22
13	262144.0	17	18
12	16384.0	13
25	16384.0
3	65536.0	13
11	262144.0	14	18
6	16384.0	12
24	65536.0	27
2	65536.0	16	24
16	262144.0	17
10	65536.0	16
17	16384.0	21
0	65536.0	20
20	65536.0	23
21	65536.0	23
9	65536.0	11	20
23	262144.0
49	16384.0	51
36	262144.0	41	48
47	16384.0	49
41	65536.0	43
32	262144.0	45	47
39	16384.0	41	47
45	65536.0	51
29	65536.0	55
31	16384.0	39
51	262144.0	54
55	16384.0
34	65536.0	39
54	262144.0
53	65536.0	55
40	262144.0	42	52	54
37	65536.0	40
33	262144.0	40
52	16384.0
50	65536.0	52
35	16384.0	44	48	50
44	16384.0	45
42	65536.0	44
38	262144.0	42	46	53
46	262144.0	50
43	65536.0	46
30	262144.0	43
48	16384.0	49
28	5521408.0	36
