node	size	children
23	65536.0	25
24	65536.0	30
19	262144.0	23
22	16384.0	24
9	262144.0	16
4	16384.0	21	34
2	16384.0	19
17	262144.0	22
21	262144.0	24
7	262144.0	15
8	16384.0	21	28
5	16384.0	17
28	16384.0	29
26	16384.0	28
15	262144.0	17	26
16	65536.0	23
13	65536.0	15
11	262144.0	16	32
35	262144.0	39
32	16384.0	35
6	16384.0	18	32
29	262144.0	35
18	262144.0	22
27	65536.0	29
0	65536.0	33
3	262144.0	18
20	262144.0	27
33	65536.0	36
14	16384.0	20	38
31	65536.0	33
10	16384.0	19	31
34	262144.0	37
25	262144.0	27
36	16384.0	37
38	16384.0
12	262144.0	20
37	262144.0
1	262144.0	25	34
30	262144.0
46	16384.0	65
72	16384.0	73
69	16384.0	72
48	16384.0	69	75	82
75	262144.0	79
44	16384.0	63	75
82	262144.0
63	262144.0	68	80
50	65536.0	60	82
59	262144.0	63
52	262144.0	59
65	262144.0	68
78	262144.0
64	16384.0	65	70
61	16384.0	64
49	16384.0	61	72
55	16384.0	61
70	262144.0	79
79	262144.0	81
81	262144.0
76	16384.0	81
68	262144.0	69	76
40	16384.0	57
57	262144.0	64
53	16384.0	57
77	16384.0
74	65536.0	77
62	262144.0	71	78
41	16384.0	62
51	16384.0	59	74
60	16384.0	62
80	262144.0
58	262144.0	60
47	262144.0	66
54	65536.0	58
67	16384.0	74	80
43	262144.0	67
56	65536.0	58
66	16384.0	67
42	16384.0	66
45	16384.0	71
71	262144.0	73
73	65536.0	77
39	10829824.0	46
