node	size	children
10	262144.0	15
12	262144.0	14
8	65536.0	10	20
2	262144.0	8	10
14	16384.0	21
3	65536.0	8
20	16384.0
13	262144.0	15
19	16384.0
18	65536.0	19
5	65536.0	7	13
7	65536.0	11
4	16384.0	11	18
6	262144.0	7	16
11	65536.0	17	18
16	262144.0
17	262144.0	19	20
0	262144.0	9	16
9	262144.0	12
15	16384.0	17
1	65536.0	9
36	16384.0	39
35	65536.0	36
27	65536.0	28	35
34	65536.0	36	39
39	262144.0
22	16384.0	30
30	16384.0	32	33	34
28	65536.0	30
25	16384.0	28	31
32	65536.0
31	262144.0	32	37
26	16384.0	29	31
29	65536.0	38
23	16384.0	29
38	16384.0
37	262144.0	38
24	16384.0	33	37
33	262144.0
21	4472832.0	27
