node	size	children
33	16384.0	35
31	262144.0	34
30	65536.0	31
9	262144.0	28	30
27	65536.0	29
29	65536.0	33	40
28	65536.0	33
25	65536.0	27
26	65536.0	29	32
21	65536.0	28
10	16384.0	25
23	262144.0	26	38
1	65536.0	21
13	16384.0	23	38
24	65536.0	27
32	65536.0	41
2	262144.0	18	32
0	16384.0	24
38	16384.0	39
41	65536.0	42
5	65536.0	24
39	16384.0
14	16384.0	41
37	262144.0	39
36	65536.0	37
40	16384.0
22	262144.0	26	36
12	65536.0	21
15	65536.0	20	36
17	262144.0	22
3	262144.0	17
20	16384.0	25	34
18	262144.0	20
19	16384.0	23
8	16384.0	18
4	65536.0	22
11	65536.0	19
6	65536.0	19
16	65536.0	17
35	262144.0	37
7	262144.0	31
34	16384.0	35
58	16384.0	66	74
66	65536.0	71
51	262144.0	66
84	262144.0	85
85	65536.0
71	262144.0	73
69	262144.0	71
83	16384.0	85
70	16384.0	83
43	262144.0	69
44	65536.0	70
68	262144.0	70
80	262144.0	81
63	16384.0	68
81	262144.0
53	16384.0	63
79	65536.0	81
76	16384.0	79
50	16384.0	60	76
54	65536.0	59	76
59	16384.0	61
49	262144.0	59
48	65536.0	65
65	65536.0	69
61	262144.0	65
46	65536.0	61
78	16384.0
77	16384.0	79
47	16384.0	62	72
62	262144.0	68
45	65536.0	62	82
82	65536.0	83
56	65536.0	64	82
64	262144.0	67	78
52	16384.0	64
67	65536.0	75
55	262144.0	67
75	262144.0	77	80	84
73	16384.0	75
72	262144.0	73	78
60	16384.0	63	72
57	262144.0	60	74
74	65536.0	77
42	2572288.0	58
