node	size	children
1	262144.0	25
21	65536.0	28
11	16384.0	25
34	65536.0	35
17	16384.0	21
38	65536.0	45
26	262144.0	29
19	65536.0	21
5	262144.0	26
15	262144.0	19
7	65536.0	26
18	65536.0	19
45	16384.0	49
36	262144.0	37	46
46	65536.0	47
43	16384.0	45
48	16384.0
42	16384.0	43
31	16384.0	43
9	262144.0	31
30	16384.0	31	40
12	262144.0	22
27	16384.0	30
10	65536.0	27
35	65536.0	39
22	16384.0	35
6	16384.0	22	40	44
40	16384.0	41
41	65536.0
33	262144.0	41
13	16384.0	33	44	48
44	262144.0
2	16384.0	20
20	16384.0	24	38	48
47	262144.0
8	16384.0	20
39	16384.0	47
24	262144.0	27	34	36
37	16384.0	39
29	262144.0	37
3	16384.0	24
4	65536.0	29
32	16384.0	33	42
14	65536.0	23
23	65536.0	28
16	65536.0	32
0	262144.0	23
25	262144.0	32
28	65536.0	30	36	38
79	65536.0
59	16384.0	67
67	262144.0	69
62	262144.0	67
84	16384.0
69	65536.0	76
83	65536.0	84
56	16384.0	69	85
85	65536.0	86
78	65536.0	83
86	262144.0
76	16384.0	78
63	262144.0	66
82	65536.0	86
75	65536.0	76
80	16384.0	82
71	16384.0	72	75
72	65536.0	80
54	65536.0	71
53	262144.0	64
66	65536.0	71
70	65536.0	72
52	65536.0	70
61	16384.0	66	77
68	262144.0	70
77	65536.0	80	81
64	16384.0	68
55	16384.0	73	77	79
51	65536.0	64
73	16384.0	74	75	81
60	262144.0	73
74	65536.0	78	83
50	262144.0	65
58	262144.0	74
65	16384.0	68	85
81	16384.0	82
57	16384.0	65
49	2637824.0	59
