node	size	children
24	65536.0	27
23	262144.0	25
0	65536.0	23
27	16384.0	29	30
22	65536.0	23
12	16384.0	20	22
26	16384.0	27
9	65536.0	15	26
15	16384.0	17
7	16384.0	15
17	65536.0	19
5	262144.0	17	28
28	65536.0	33
33	65536.0	34
31	262144.0	33
29	262144.0	31
19	65536.0	21
3	65536.0	29
21	262144.0	25
10	65536.0	13
13	262144.0	16	28
30	262144.0	31
4	16384.0	21
6	16384.0	13
16	16384.0	18
2	16384.0	14
20	16384.0
8	16384.0	16
18	65536.0	19
1	65536.0	20	32
32	16384.0
14	262144.0	18	26
25	262144.0	32
11	65536.0	14	24
44	65536.0	46
54	16384.0	58
41	65536.0	44
43	262144.0	44	55
35	65536.0	54
55	262144.0	56	57
52	65536.0	54
56	262144.0	58	59
48	65536.0	52
51	16384.0	56
58	262144.0	60
37	262144.0	50	51
60	65536.0
50	262144.0	52
57	16384.0	60
49	16384.0	50
40	16384.0	45	49
45	16384.0	49
38	65536.0	45
59	65536.0
53	65536.0
39	16384.0	47
47	262144.0	48
42	16384.0	47
36	65536.0	46
46	65536.0	48	53
34	1884160.0	41
