node	size	children
0	16384.0	11	14
14	65536.0	15	18
10	65536.0	11	14
2	16384.0	10	21
21	262144.0	23
1	65536.0	20	21	22
20	65536.0
5	16384.0	12	16	20
12	262144.0	15
8	16384.0	12
15	16384.0	22
22	16384.0
6	16384.0	9
9	65536.0	13
7	16384.0	9
19	65536.0
13	65536.0	17	18
18	16384.0	19
4	262144.0	13
17	65536.0	19
3	16384.0	10
16	262144.0	17
11	262144.0	16
35	262144.0
33	16384.0	35
30	65536.0	33	44
44	262144.0
39	16384.0
25	16384.0	35
37	65536.0	39
34	65536.0	36
26	16384.0	31
31	65536.0	33	38
24	262144.0	31
38	16384.0	39
29	65536.0	32	37	38	42
32	65536.0	34
28	65536.0	32	40
40	65536.0	41
41	262144.0	43	44
36	262144.0	41
27	16384.0	36	42
42	262144.0	43
43	262144.0
23	1327104.0	30
