node	size	children
3	16384.0	14
12	16384.0	14
31	262144.0	33
28	16384.0	31
8	262144.0	20
34	65536.0	35
33	16384.0
4	262144.0	13
13	262144.0	16
32	16384.0	33
27	16384.0
5	262144.0	13
25	65536.0	32
9	16384.0	19
16	65536.0	21	26
19	16384.0	27
17	65536.0	25
2	16384.0	16	22
30	262144.0
18	262144.0	19
22	65536.0	23
6	65536.0	17
1	262144.0	17
11	65536.0	18	32
23	16384.0	25
21	262144.0	23	28
24	16384.0	27
20	262144.0	21
7	262144.0	15	24	30	34
15	16384.0	18
0	16384.0	20	26
26	262144.0	29
10	262144.0	15
29	65536.0	31
14	262144.0	29
63	16384.0	64
49	262144.0	58	59
67	16384.0
61	262144.0	64
36	262144.0	49
66	262144.0
53	262144.0	56	59	63
60	262144.0	66
48	65536.0	53	65
59	262144.0	60
45	65536.0	48
55	16384.0	60
43	65536.0	49
39	65536.0	55
62	65536.0
56	262144.0	62
52	16384.0	55	61
42	16384.0	52	65	67
65	16384.0
40	65536.0	54
50	262144.0	53
54	65536.0	56
38	262144.0	50
44	16384.0	50
51	65536.0	54
46	262144.0	52
47	16384.0	51
41	262144.0	48
37	65536.0	51	57
57	262144.0	58
64	16384.0	66
58	16384.0	62
35	2539520.0	36
