node	size	children
19	16384.0	21	22	24
16	16384.0	19
14	262144.0	15	16
1	65536.0	9
9	65536.0	21
11	16384.0	14
3	16384.0	9
6	262144.0	11	20
20	262144.0	22	23
17	16384.0	19
22	16384.0	25
15	65536.0	17
23	16384.0
0	262144.0	10
2	16384.0	15
10	65536.0	12
5	65536.0	10
7	16384.0	11
18	262144.0
8	16384.0	13	18
13	16384.0	17
12	16384.0	13
4	16384.0	12
24	262144.0
21	65536.0	24
31	65536.0	36	39	46
36	65536.0	38	40
27	65536.0	36
32	16384.0	34
38	65536.0	44
28	262144.0	38	41
41	16384.0	42
39	65536.0	41
34	262144.0	39	46
26	16384.0	34
46	65536.0
37	262144.0	42
43	262144.0
35	16384.0	37
30	16384.0	35
29	65536.0	37	43
33	65536.0	35	40
40	16384.0	45
42	262144.0	44
45	16384.0
44	262144.0
25	1048576.0	31
