node	size	children
32	262144.0	35
35	16384.0	45
31	65536.0	35
30	16384.0	31	34
34	16384.0	37
37	65536.0	39
33	65536.0	37	40	44
25	262144.0	33
21	65536.0	25	42
9	262144.0	21	44
44	16384.0
28	16384.0	29
19	65536.0	28
39	16384.0
14	262144.0	19
38	16384.0	39
6	16384.0	19
5	16384.0	18
18	16384.0	27
4	65536.0	18
27	65536.0	33
43	262144.0
41	65536.0	43
40	65536.0	41
15	262144.0	17
17	262144.0	22
12	65536.0	17
22	16384.0	27
36	65536.0	41
8	16384.0	22
0	262144.0	24	36
24	65536.0	25
2	262144.0	21
16	16384.0	24
42	16384.0	43
29	262144.0	31	42
11	65536.0	29
1	16384.0	28
10	16384.0	23	30
23	16384.0	26
7	65536.0	23
26	16384.0	30
20	16384.0	26	40
3	65536.0	20
13	65536.0	20	32	38
74	262144.0	78	81
62	16384.0	65	75	81
72	16384.0	74
50	65536.0	62
78	262144.0	82
48	16384.0	61
76	16384.0	78
73	16384.0	76
57	16384.0	60
69	262144.0	70	73
60	16384.0	64
67	65536.0	69	79
59	65536.0	60
82	262144.0
54	65536.0	67
47	65536.0	67
80	16384.0	82
79	262144.0	80
70	16384.0	80
56	262144.0
65	262144.0	69
64	262144.0	70	72
75	16384.0	76
58	16384.0	64
55	262144.0	63	72
63	65536.0	65
49	16384.0	63	77
53	262144.0	62
77	262144.0
51	262144.0	66
66	16384.0	68
52	65536.0	68	77
68	65536.0	71
61	65536.0	66
81	16384.0
71	16384.0	74
46	262144.0	61
45	8224768.0	50
