node	size	children
2	16384.0	12
24	262144.0	26
22	65536.0	24
19	16384.0	20	21
21	16384.0	22
3	65536.0	15	19
15	65536.0
7	65536.0	10	21
10	262144.0	14
23	262144.0	24
8	65536.0	10
14	262144.0
0	16384.0	14
20	16384.0	22
18	262144.0	20
16	65536.0	18
4	16384.0	11
11	16384.0	16
6	65536.0	11	17
17	262144.0	18	25
1	16384.0	13	17
13	262144.0	16	23
9	16384.0	13	19	25
5	65536.0	12
25	262144.0
12	65536.0	15
27	16384.0	38
37	65536.0	38
29	16384.0	37
28	65536.0
32	16384.0
35	16384.0
33	16384.0	36
36	65536.0
34	16384.0	36
31	262144.0
30	16384.0	37
38	262144.0
26	1507328.0	27
