node	size	children
68	262144	69
53	16384	55	68
40	262144	53	66	82	84
14	16384	32	40	64	70
70	65536	71
71	16384	73
67	16384	71
65	65536	67
61	262144	65
60	262144	61	66
66	262144	67
54	16384	61
2	262144	19	40	58
62	65536	65	92
92	16384	94
94	65536	95
19	262144	22	34	82
0	16384	19
91	262144	94
90	262144	91
22	65536	29	48
18	65536	22	42	62	74
83	65536	91
42	65536	43
80	262144	83
23	65536	30	42
77	16384	83
76	262144	77
8	65536	23	72
72	262144	75	90
73	65536	77
48	65536	49	52	72	76
69	16384	73
49	262144	53	60
95	262144	
47	16384	49
93	65536	95
46	262144	47
88	262144	93
32	262144	35	46	54
89	16384	93
16	16384	32	78	90
86	262144	89
78	262144	79
87	16384	89
79	262144	81
82	65536	87
75	65536	79
64	16384	75
57	262144	59
10	262144	20	64
17	65536	27
20	262144	21
44	262144	47
15	262144	20	38
38	262144	45
4	16384	25	38
25	262144	33
24	65536	25
5	65536	24
3	65536	24	36
36	65536	39
6	16384	29	36	80
29	65536	31	44	54
31	65536	33	60
28	65536	31
26	16384	28
11	65536	26
7	262144	26	34
34	65536	37
37	262144	39
27	65536	37
9	16384	27	74
74	65536	81
81	65536	85
85	16384	87
84	16384	85
50	16384	51	84
13	16384	21	50
21	65536	28
51	65536	57
45	16384	51	52
43	65536	45
39	262144	43
52	262144	56	88
56	16384	63
1	262144	23	56
63	262144	69
59	16384	63
58	262144	59
55	262144	57	58	92
41	65536	55	76
33	262144	41
35	65536	41	68	86
30	16384	35
12	262144	30
