node	size	children
31	65536	32	33	35
20	65536	24	31	59
16	262144	24
33	16384	38
9	262144	20
11	16384	13
14	16384	16	37
19	262144	20	26	39
38	65536	40
2	65536	15
1	262144	14	21
6	65536	14
37	262144	38
7	65536	19	39	47	55
39	16384	54
21	262144	22
34	16384	36	37
22	16384	32	33	49
54	262144	58
18	262144	22
29	262144	34
53	65536	54	55
3	65536	17	29
17	16384	18	35	43
55	16384	56
30	16384	34
15	65536	17	29
56	16384	60
28	262144	30
8	65536	15	23	53
48	262144	56
23	16384	25	26	41
26	16384	28
46	16384	48
36	65536	40
25	16384	27
45	262144	46
35	65536	36	51
5	65536	18	25
27	262144	30	31	47
47	16384	48
51	262144	52
13	262144	19	27	45
60	16384	62
40	16384	42
4	65536	13	41
58	262144	60
41	65536	44	57
49	65536	50
52	16384	58
62	65536	
44	65536	46
50	16384	52
61	65536	62
43	65536	44	51
0	16384	12
42	16384	50
59	262144	61
12	262144	16	23
24	16384	28	43	49
32	262144	42
57	262144	61
10	65536	12
