node	size	children
38	65536	41
17	16384	28	78
72	262144	75
15	65536	22	52
74	262144	79
20	262144	30
7	262144	20
43	262144	45	46	64
79	262144	87
70	65536	79
12	262144	25
35	65536	41	50	80
11	262144	35
34	262144	35	42
41	16384	43	50	74
14	262144	29	34
32	262144	33	76
42	65536	43	88
5	16384	32	42	86
95	16384	98
78	16384	83
86	16384	87
76	262144	77	90
10	16384	21	92
54	65536	55	86
13	16384	23	54	72
23	16384	28	82
47	65536	49	72
22	16384	39	84
9	16384	23
82	16384	85
77	262144	81	82
75	16384	77
73	65536	75
92	65536	95
69	262144	73
68	65536	69
4	16384	25	44
49	16384	51
64	262144	67	68
29	262144	32	36	58
67	262144	69	90
66	65536	67
87	65536	91
90	262144	93
93	16384	97
88	16384	93
27	262144	37	38	88
18	65536	20	76
26	16384	27	56
1	262144	26
8	262144	26	44	96
44	16384	45	62
3	16384	22	48
62	262144	71
71	65536	73
83	262144	85
56	16384	71	84
84	16384	89
80	262144	81
89	65536	91
85	65536	89
30	262144	31	38	48	66	92
96	262144	97
97	65536	99
99	16384	
98	16384	99
94	16384	98
37	16384	39	58
25	65536	31
36	65536	37	80	94
39	65536	47
58	16384	59
59	16384	61
57	65536	59
51	16384	57
50	262144	51
31	65536	33
28	16384	29	40
53	262144	57
46	16384	53
48	16384	49	60	64
33	262144	53
91	65536	95
61	262144	63
21	16384	27
40	16384	61
45	65536	47	54
19	262144	24	40
16	16384	19
6	262144	21	36	60
52	65536	55	70
2	16384	19
24	65536	30
81	16384	83
0	16384	24
63	65536	65
55	65536	63
65	16384	70
60	262144	65
