node	size	children
28	16384	31
30	16384	31
36	65536	37
0	65536	7	10	12
7	16384	9
34	262144	36
4	262144	7
9	65536	15
20	16384	25	34
6	16384	9	16	34
16	16384	19
18	16384	19	20	21
10	65536	13	16	21
19	262144	23	24	26
1	65536	10	14	18
23	262144	35
14	262144	17
35	16384	37
3	16384	11	14
11	65536	13	28
29	16384	35
8	65536	11
26	16384	29
5	16384	8	22
22	262144	23	28	30
27	65536	29
17	16384	22	32
24	16384	27
15	16384	17
25	262144	27
13	65536	15
21	65536	25
32	262144	33
37	16384	
33	262144	36
12	65536	20
31	65536	33
2	16384	8
