node	size	children
54	65536	58
13	16384	15	23	25
35	16384	38	57
6	262144	14
7	262144	15	29
9	65536	16
58	65536	60
0	262144	13	37	51
32	262144	35
8	16384	20
37	262144	40
27	16384	28
50	262144	58
28	262144	32	36
15	16384	18	27
25	16384	34	37	39
49	65536	50	59
4	65536	17
26	16384	28	47
34	16384	47
59	65536	61
20	16384	26
33	65536	34	35	41
61	65536	62
19	16384	20	33	45
3	65536	12	33	49
56	65536	61
5	16384	19
12	16384	30
45	16384	52
47	16384	56
10	65536	14
2	16384	12
52	16384	54	55
55	262144	56
30	65536	32	57
51	65536	52	59
62	65536	
29	16384	30	49
46	262144	48	51
60	16384	62
17	262144	19	29	41	55
44	65536	46
57	65536	60
11	65536	17	31
40	262144	44
48	65536	50
31	65536	38
36	16384	40
41	65536	48
24	16384	26	27	31	53
43	262144	46
18	262144	22
23	262144	24	39
22	65536	24	43
16	262144	18
39	16384	42
21	65536	22
42	262144	44
14	65536	16
1	65536	13	21	53
38	16384	42	45
53	16384	54
