node	size	children
26	16384	28
42	65536	44
72	16384	76	77
79	262144	81
14	262144	22	39
22	65536	26	38	47	73
41	65536	42	51	63
81	16384	82
71	65536	72
29	262144	30
51	65536	54
21	16384	22
76	65536	78
77	16384	81
48	16384	51
10	262144	19
82	262144	
1	65536	21	45
45	262144	52
73	262144	76
37	262144	48	67
2	65536	20
80	16384	82
57	65536	58	73
32	16384	36	45	65	67
67	16384	70
28	16384	37	57
74	262144	80
30	16384	32	49
39	65536	46
70	65536	74
27	65536	28	43	49
68	16384	74
12	16384	30	53
69	65536	70
23	65536	27	38	41
65	262144	68
53	262144	54
56	16384	58	69
18	65536	23
3	16384	32	65
20	262144	23	31	53
78	262144	80
52	16384	56
16	262144	18	29
19	262144	20	39	79
75	16384	78
49	262144	52
6	16384	16
11	16384	19	59
9	262144	16	33
54	65536	56	69
25	16384	27	75
33	65536	34
59	16384	60	75
24	65536	26	29
5	65536	25
58	262144	60
34	16384	36	61
4	16384	25
17	262144	18	59
50	16384	62
60	65536	66
31	262144	34
13	262144	17
43	16384	50
66	65536	68
36	262144	40
7	262144	17	35	55
47	65536	50
64	262144	66
35	262144	42
40	16384	44
63	262144	64
15	16384	21	35	55	77
62	262144	64
8	262144	24	71
38	262144	40
46	16384	48
55	16384	72
44	262144	46
61	16384	62	79
0	16384	24
