node	size	children
17	65536	25
10	16384	12	28	54
48	262144	49
27	16384	41
28	262144	29
1	65536	14	48
26	65536	27
55	65536	57
29	16384	37	52
16	65536	19	26
37	262144	39
57	262144	
9	262144	16
34	65536	37
56	262144	57
19	65536	23
54	262144	56
30	65536	33	34
7	16384	19
41	262144	43
53	262144	56
23	16384	30	52
40	262144	41
52	65536	53
21	16384	23
43	16384	47
18	16384	21
20	65536	21	31	32	40
47	16384	53
31	16384	35	54
3	16384	12
0	65536	13	36
46	16384	47	50
35	262144	43
13	262144	17	40
50	16384	51
33	16384	35	38
5	16384	13	44
51	65536	55
44	262144	55
32	16384	33
2	262144	15	44
49	262144	51
38	65536	42
15	262144	17
45	16384	49
8	16384	11	38	48
6	16384	15	24	28
11	16384	18	22	46
24	65536	29
42	16384	45
4	65536	11	22
14	16384	16	20	24
39	65536	45
22	65536	25
12	16384	14	18
25	16384	27
36	16384	39
