node	size	children
55	262144	58
60	16384	
32	65536	34
47	262144	48	55
58	262144	60
30	65536	32
48	16384	56
44	65536	50
29	65536	30
45	262144	48	51
43	262144	44
26	16384	29	31
28	16384	32	45
0	262144	14	23	49
51	65536	52
8	262144	13
25	65536	26
14	16384	18
31	262144	36
52	262144	58
7	65536	12	25	33
11	65536	14
12	16384	17	37
50	65536	52
5	16384	16
18	16384	24
6	262144	12
46	65536	50
17	65536	20	23
2	262144	18
42	262144	46
24	16384	27
15	65536	17	25
38	16384	42
22	262144	24	28	31	45
4	65536	15	39
39	262144	40	47
16	16384	22
33	65536	38
40	262144	46	51
37	16384	38	53
3	262144	16	35
35	16384	42
36	262144	40
53	262144	54	57
20	65536	22	29	35
34	262144	36	43
54	16384	56
19	262144	20
27	16384	34
49	262144	54
1	16384	19	21	47
13	262144	15	27
56	16384	59
21	262144	30
9	65536	13	41
10	16384	19	21	28	37
59	65536	60
41	65536	44
57	262144	59
23	16384	26	41	55
