node	size	children
75	65536	77
52	16384	53
74	262144	75
73	262144	75
45	16384	49	52	72
70	16384	73
44	262144	45
50	65536	53	70
39	65536	45
72	262144	73
37	262144	39
81	65536	83
35	65536	37	66
66	262144	69
80	65536	81
69	65536	84
83	65536	85
82	16384	83
65	262144	69
85	262144	
64	65536	65
84	16384	85
40	65536	43	64
16	262144	27
79	16384	84
36	16384	40
27	262144	31	35	72
76	262144	79
15	262144	18	34	36	82
25	65536	27	62
78	262144	79
34	65536	39
1	262144	25	38
32	16384	34	54
29	16384	37
38	262144	51
54	65536	57
9	65536	28	35	38	40	52
3	16384	29
28	262144	30
57	262144	61	62
17	16384	20
56	262144	57
7	16384	17
26	65536	28
4	262144	17
22	262144	26	32	50
61	262144	65
21	262144	25
19	65536	22
55	16384	61
13	262144	21
49	16384	55
12	262144	19	46	68
6	16384	22
62	16384	63
46	16384	47	76	78
47	16384	49	66
63	262144	67
60	65536	63
43	262144	47
23	65536	26	60
42	262144	43	60
18	16384	21	42	48
8	262144	23	30
30	262144	33
10	65536	18	41	50	74
33	65536	36
41	16384	44	76
31	16384	33
5	65536	24	41	56
24	262144	29
11	16384	31
20	16384	24
0	262144	23
67	65536	71
2	262144	20	48
71	16384	77
48	65536	51
68	262144	71
51	16384	59
14	16384	19	68
59	262144	67
77	65536	81
58	65536	59
53	65536	55	58	80
