node	size	children
22	65536	26	39
46	262144	48
2	262144	11	24
16	16384	22
43	65536	46
11	65536	12	35	51
9	16384	16	21	33
8	16384	11
21	16384	28
34	262144	46
12	65536	18
23	262144	34
28	65536	32
5	262144	12
20	65536	23	49	51
27	262144	28
18	262144	20
49	16384	50
32	65536	34
17	65536	18	21	45
14	65536	16	17
26	65536	32
50	65536	53
10	16384	14	19	41
24	16384	26	31
47	16384	50
1	65536	10
31	262144	36	47	49
53	16384	54
4	262144	10
51	16384	53
36	16384	38
19	65536	22
7	65536	15	19
54	65536	
15	65536	20	27
38	262144	42
44	16384	48
6	262144	15	29	31
35	262144	38
41	16384	44
29	262144	30
42	16384	45	47
30	262144	36
33	262144	40	41
37	65536	42
40	65536	44
25	262144	30
45	65536	52
0	65536	13	25	37
13	16384	14	43
52	262144	54
3	65536	13	39
48	65536	52
39	262144	40
