node	size	children
14	16384	17
8	262144	12	36
33	16384	35
36	262144	41
35	65536	39
41	16384	44
34	16384	35
37	65536	41
45	65536	
31	262144	37
44	65536	45
23	65536	31	38
3	65536	10	14	22
40	262144	44
10	262144	15
22	16384	23
5	262144	10	20	24	26	36
32	16384	37
19	65536	23
20	65536	25	32
24	16384	25	32
18	16384	19
11	16384	15	20
25	262144	27
13	262144	19	42
4	262144	11
9	16384	11	18
2	262144	13
6	65536	9	28
7	262144	9
42	262144	43
28	262144	29	30
21	65536	31	42
29	16384	33
15	16384	21
27	262144	29
43	65536	45
26	16384	27
39	65536	43
17	65536	21	26
38	16384	39
16	16384	17	40
30	65536	33	34	38
1	16384	12	16	22
12	16384	13	34
0	16384	14	30
