node	size	children
45	65536	46
4	262144	10
7	16384	18	20	23	49
18	262144	21	35
51	16384	52
6	262144	12
21	16384	24	33
5	16384	14
48	262144	51
24	16384	26	30
41	16384	48
9	65536	10	20	27
15	16384	24
44	65536	48
0	65536	15	19
43	65536	44
19	65536	22
39	262144	43
17	65536	19
35	65536	36	39
22	16384	28
8	262144	11	17	31	41
11	16384	13	41
36	65536	42
28	262144	32	39
33	65536	36
2	16384	11	25
27	262144	28
25	262144	34
42	65536	44
32	16384	38
34	65536	40
31	65536	42
30	65536	32
29	16384	34	43
23	65536	26	31
38	65536	40
1	65536	16	17	27	29	47
26	262144	29
16	262144	18
37	262144	38
14	16384	16
52	262144	
3	65536	13	37
13	16384	15
12	262144	14
50	65536	52
40	16384	46
10	16384	12	21	33	45
49	65536	50
46	262144	51
47	65536	50
20	65536	22	37	49
