node	size	children
3	16384	8	31
16	65536	18
40	16384	
14	65536	16
39	65536	40
12	16384	14
37	16384	39
7	16384	9
11	16384	12
9	16384	11	19	21
5	262144	9	17	24	27
0	16384	11
17	65536	23
2	16384	14	19	25
19	16384	25
23	262144	26
25	262144	38
13	16384	20	23
38	262144	40
8	16384	12	13
6	16384	8	29
36	262144	38
29	65536	30
35	16384	36
30	16384	34	37
21	65536	22	35
26	16384	30
22	16384	28
24	65536	26
20	16384	22
34	16384	39
18	262144	20
33	262144	34
28	262144	32
10	16384	18	33
27	65536	28
4	262144	10
32	262144	36
1	262144	10	15	31	33
15	65536	16	35	37
31	16384	32
