node	size	children
29	65536	33
46	262144	55
35	262144	37
5	262144	17
0	65536	17	28	38	72
52	262144	55
33	262144	35
72	16384	74
13	65536	22
60	262144	61
74	262144	75
23	65536	33
9	65536	20
12	262144	18	60
20	262144	32	36
70	262144	74
22	262144	23	40
2	262144	20	36
18	16384	23
75	65536	
16	65536	22	26	40
36	16384	39	48	54
8	262144	18
73	16384	75
14	16384	16
39	16384	41	70
61	262144	65	68
24	16384	27
6	262144	16	64
54	65536	73
32	16384	39	72
64	16384	65
59	16384	61
50	262144	53
71	16384	73
7	16384	21	32
44	262144	45	46	54	64
53	65536	59
21	65536	25	26
69	262144	71
51	262144	53	58	66
34	65536	37	44
11	262144	21
68	262144	69
49	16384	51
37	65536	43
25	262144	31	52
67	16384	69
48	262144	49
43	16384	47
17	262144	24	50
15	262144	25	42
65	65536	67
45	16384	49
47	262144	51	62
1	16384	15
63	16384	67
38	16384	45
4	65536	15
41	65536	47
42	262144	43	62
62	16384	63
28	262144	29	38	68
40	65536	41	56
19	262144	24	42
58	16384	63
26	65536	27	28
56	16384	57
3	65536	19
66	262144	71
27	262144	29	44
57	65536	59
10	262144	19	30	34	56
30	262144	31	48
55	16384	57	60
31	16384	35	50
