node	size	children
39	262144	44
22	262144	23	24
34	262144	39
23	16384	29
44	16384	45
29	262144	31	34
42	262144	44
24	262144	29
4	65536	10
45	65536	
10	262144	17	24	38
31	262144	33
43	262144	45
7	262144	10	36
27	65536	31	32	42
36	65536	41
38	65536	43
25	65536	27
21	65536	23	36
41	16384	43
20	262144	25
6	16384	11	21
11	65536	15	22	32	40	42
40	65536	41
19	262144	25
3	16384	11
17	262144	19
15	16384	27	40
16	16384	17
14	262144	15
32	16384	35
0	65536	13	14
35	65536	37
13	65536	20
33	262144	35
8	65536	13	18	26
18	65536	19
28	16384	33
9	262144	12	16	18	26	28
37	16384	39
1	16384	9
2	262144	9	21
30	65536	37
12	16384	16
26	262144	30
5	16384	12	14	22
