node	size	children
0	65536	22	69
22	16384	29	39	63
12	65536	22	53
21	65536	27	61
5	16384	30	61
53	16384	57
59	16384	60
3	262144	21
15	65536	28	53	65
2	262144	21	67
90	16384	
28	65536	30
67	16384	68	77
83	65536	84
25	262144	28	47	57
24	16384	38	67
47	262144	52
23	262144	24	45	51
1	16384	25	35
58	262144	62
35	262144	36
4	262144	23
36	65536	42	49	59
11	16384	23	87
55	65536	58
20	262144	36	77
27	262144	31	55
87	16384	88
13	65536	27
88	16384	90
18	16384	20	33	44
45	262144	54
10	16384	18
86	65536	88
9	262144	18	65
84	262144	86
17	65536	24
65	16384	66
82	16384	84
66	262144	72
44	262144	46
80	65536	82
64	65536	66	81
79	65536	80
63	65536	64
78	16384	82	85
60	262144	64
76	65536	78
56	262144	60
72	262144	76
54	65536	56
69	16384	72	75
48	262144	54	71
75	262144	76
46	262144	48
77	262144	78
42	65536	46
85	65536	86
37	65536	42
52	65536	58	85
6	16384	19	37
19	65536	20
50	262144	52
49	16384	50
14	262144	19
32	16384	34	37
43	262144	50
31	65536	32
8	65536	25	43
40	65536	43	83
29	16384	31	71	75	79
39	262144	40	51
26	65536	29
51	16384	56	73
7	16384	26
73	65536	89
16	65536	26
71	65536	74
89	65536	90
74	262144	80
81	262144	89
70	262144	74
34	65536	38	81
30	262144	32	41
57	65536	70
33	262144	34
68	262144	70
38	262144	40	41	59
62	16384	68
41	16384	48
61	262144	62	87
