node	size	children
45	16384	48
5	262144	13	39
32	65536	34	57
44	65536	48
62	262144	64
28	16384	32
42	65536	44
59	262144	62
24	65536	28
34	65536	42
64	262144	
8	16384	16	25	35
17	16384	24	41	55
16	16384	19
30	262144	34	53
63	262144	64
0	16384	17	38
15	262144	16	23	27
27	262144	30
61	65536	63
38	65536	46	53
23	262144	30	41
9	65536	18	31
46	262144	52
57	16384	63
13	262144	15	45
4	262144	15
41	262144	42
14	65536	17
36	262144	46
11	16384	13	51
53	262144	56
29	65536	36
6	65536	14
51	65536	52	55
56	65536	58
25	65536	26
35	16384	36	61
26	65536	28	29	51
55	262144	56
2	65536	12	21	27	33	35
21	65536	26
12	16384	14	23	33
58	65536	60
3	262144	19	21
10	16384	12	49
54	262144	58
19	16384	20
49	16384	50
52	16384	54
20	262144	22	31	38	45
43	16384	44	47	49
47	65536	54
1	262144	20
22	16384	24
40	16384	43
60	262144	62
18	65536	22
37	262144	40
50	16384	60
7	65536	18
33	65536	37
48	16384	50
31	262144	32	59
39	262144	40
