node	size	children
53	262144	56
49	65536	54
31	16384	32	61
40	65536	42
56	262144	60
54	262144	58
9	262144	17	31	69
39	65536	40
60	262144	62	65
17	65536	20	33
52	65536	54
44	16384	48
15	16384	17	37
62	65536	66
38	65536	52
43	65536	44
61	262144	62
5	65536	15	35	61	67
34	65536	38
35	16384	36
22	262144	24	25	31
66	262144	70
58	16384	60
36	262144	40
11	16384	22
65	262144	66
57	262144	58
33	262144	36	51
25	65536	26
70	16384	72
41	262144	46	57
51	65536	52
67	16384	70
0	65536	18
6	262144	14	41
24	16384	34	51	69
14	16384	16	53
72	65536	
21	65536	24	29	43	45	47
13	65536	14
71	16384	72
2	65536	21
16	16384	22
8	65536	21
69	16384	71
29	262144	30	65
3	262144	16	41	55
68	16384	71
55	16384	68
12	65536	23	29	33
30	16384	38
64	16384	68
47	65536	50	55
23	16384	28	37	39
28	65536	30
59	16384	64
50	65536	56	57
20	65536	23	39	43
26	65536	28
7	262144	15	59
48	65536	50	63
18	65536	20
63	16384	64
19	65536	26
46	262144	48	59
4	262144	18	27
1	65536	19
42	262144	44	63
27	16384	32	45
10	65536	19	49
45	16384	46	53
37	65536	42
32	16384	34	35
