node	size	children
14	65536	17	20	26	36	54
13	262144	21
27	262144	31
11	16384	14	46	48	52
2	16384	13	38
25	65536	27	34
38	65536	39
7	65536	11
10	262144	11
17	65536	25
22	16384	27
39	16384	45
46	16384	47
16	262144	17
45	16384	56
0	65536	12	42	46
8	16384	16
42	16384	45
12	16384	16
34	65536	37
6	65536	12	24
56	262144	57
37	16384	43
24	16384	25
50	16384	56
36	65536	37
20	262144	24
57	16384	
32	65536	35	36
3	65536	15	18	20	30
15	262144	23	52
55	262144	57
35	262144	39
9	262144	15	44
33	262144	35
44	16384	51
54	16384	55
29	16384	33
51	16384	53
52	262144	53	54
28	65536	29	50
49	16384	51
53	262144	55
21	65536	23	28	48
47	65536	49
4	16384	13	40
40	262144	41
19	262144	21
43	16384	47
23	65536	33
5	65536	19	26	28
41	262144	43
26	65536	29
48	16384	49
31	65536	41
18	262144	19	22
30	262144	31
1	16384	14	32	38	44
