node	size	children
3	16384	11
37	262144	50
42	262144	44
8	16384	16
25	16384	27
49	16384	53
26	65536	37
27	65536	31
46	262144	49
2	16384	12	26
12	16384	13	32
31	262144	43
1	16384	12
28	262144	31
22	262144	23
13	262144	17
30	65536	37
20	65536	28
9	262144	13	29
29	262144	33	44
0	16384	14
43	16384	47
5	16384	15
33	65536	35	38
41	16384	43
32	65536	33
39	16384	41
35	16384	39	46
10	16384	19	30
38	16384	39
34	16384	35	52
47	16384	54
19	65536	25	29
23	16384	27	34	36
45	65536	47
18	16384	19	20	28	34
21	16384	23	52
15	16384	18
54	16384	55
17	262144	21	48
52	65536	54
7	262144	15	40
40	16384	41
48	16384	49
55	16384	
36	16384	40
24	65536	25	42	45	48
53	16384	55
14	65536	17	22	36
16	262144	21	24
51	262144	53
4	65536	14	50
11	65536	16
50	16384	51
44	262144	51
6	262144	11	18
