node	size	children
10	16384	12	18
43	262144	47
20	65536	23	30
2	16384	10	18	22	26	34
18	262144	25
42	262144	43
30	262144	31	42
25	262144	27	36
34	65536	43
31	262144	35
21	262144	25
22	16384	23
29	16384	31
14	65536	21
3	16384	17
26	65536	29
17	262144	21
35	65536	37
12	16384	17
27	16384	35
9	16384	12	32
19	65536	27	44
4	262144	9	24	42
24	262144	29
44	65536	45
16	16384	19	28
6	16384	13	24
45	262144	47
13	262144	15
40	262144	45	46
15	65536	19
46	16384	48
8	65536	15	38
38	16384	39
48	65536	49
39	65536	41
7	16384	11	16	44
41	16384	48
11	262144	13	46
5	65536	10	14	16	20
37	262144	39
36	16384	41
1	65536	11	28	30
33	262144	37	40
28	262144	33
0	262144	9	36
32	16384	33
49	262144	
23	262144	32
47	65536	49
