node	size	children
2	65536	8	14	18
33	65536	35
14	65536	17	22
24	262144	33
17	262144	21
35	16384	
21	262144	25
34	65536	35
20	262144	21	24	26
32	16384	34
10	16384	12	20	24	30
3	65536	7	10
4	16384	9
1	65536	10	28
28	262144	29
29	65536	34
27	65536	29
23	65536	27
0	262144	11	28
22	16384	23
11	262144	17
25	65536	27
7	262144	11	32
5	16384	7	13
15	262144	25	30	32
13	262144	15
12	16384	15
9	16384	13
8	65536	9	16	20
30	65536	31
6	16384	8	16	22
16	16384	19
31	262144	33
19	16384	23
26	262144	31
18	16384	19
