node	size	children
31	16384	41
7	262144	9	20
9	16384	13
30	262144	31
5	65536	9
23	16384	27	38
37	65536	41
4	16384	14	23	34
36	65536	37
14	16384	15
2	262144	10	22
35	65536	37
10	65536	12
15	16384	17	34
8	16384	10	24	30	38
26	65536	35
17	65536	21
24	262144	25	26
21	65536	26
11	262144	17
25	65536	31
34	262144	35
1	262144	11	32
19	65536	25
32	262144	33
6	65536	11
12	16384	19	40
33	16384	39
3	262144	12	16	18	20	42
39	262144	43
16	16384	21
38	262144	39
13	65536	15	16
43	262144	45
0	65536	13	18	28	36
18	65536	19	28	32
40	262144	43
28	262144	29
45	65536	
29	65536	33
44	262144	45
27	16384	29
42	65536	44
22	65536	27
41	16384	44
20	16384	22
