node	size	children
2	65536	17
21	65536	23
39	16384	41
16	16384	21	46
36	65536	39
46	262144	48
33	16384	39
29	262144	37	38	46
1	16384	10	20
32	16384	33
10	65536	11
28	16384	29	32	36	42
20	65536	23	32
5	65536	10	14
18	16384	22	28
43	16384	47
14	16384	15	16
22	65536	27
37	16384	43
8	65536	12	14	18	30
12	262144	21
27	262144	29	44
35	65536	37	42
9	16384	12	20	24
44	65536	48
30	65536	35
0	262144	9	26	28	40
26	16384	27
48	262144	49
34	262144	35
19	262144	25	26	40
49	16384	
42	262144	43
15	65536	19
47	262144	49
3	262144	13
13	262144	15	22
45	262144	47
6	262144	9
11	16384	13	16
40	262144	45
4	262144	11	24
41	262144	45
24	65536	25
38	262144	41
25	16384	31
7	16384	17	38
31	65536	33	34
17	16384	19
23	16384	31
