node	size	children
29	262144	32	37
20	65536	24	25
32	262144	34
15	16384	20
30	262144	32
13	262144	14	15
34	16384	38
9	16384	12	13	17	19	31	33	37
0	65536	9
26	16384	34
7	65536	9	21	33
21	65536	22
19	16384	26
22	65536	30
25	65536	26
18	262144	22
38	262144	40
17	65536	18
35	262144	38
4	262144	12	13	17	29
8	65536	11	35
12	262144	16	23	27
5	65536	8
3	16384	8
16	262144	18	35
40	16384	
14	262144	16
39	65536	40
11	16384	14
37	65536	39
36	262144	39
6	65536	11	23
23	65536	24	25
33	65536	36
24	262144	28
31	65536	36
1	65536	10	27
28	16384	30
10	16384	20
27	262144	28	29
2	262144	10
