node	size	children
45	262144	50	53
17	16384	21	45	83
21	262144	31
11	262144	21
31	262144	34
20	16384	31	41	43
2	65536	20
16	16384	20
83	65536	88
9	16384	25	71	83
25	262144	27
8	262144	25	53
27	262144	29
23	262144	27	45
4	262144	23
71	65536	72
14	16384	19	71
7	65536	22	65
22	65536	24	85
72	262144	74
13	65536	22
68	262144	72
63	262144	68
24	65536	28	47	57	63	73
10	65536	24	37
74	262144	86
69	16384	74	77
37	262144	38
86	65536	90
38	65536	42
90	16384	92
34	65536	38
15	16384	34	65
89	65536	90
92	16384	94
65	262144	66
94	65536	
66	262144	68	81	91
93	65536	94
64	65536	66
88	65536	93
61	65536	64
85	65536	88
32	16384	36	61
91	16384	93
29	16384	32
50	65536	58
26	16384	29	67
62	262144	64
6	65536	26
19	65536	26	49
55	262144	62
12	262144	19	87
87	16384	92
3	262144	18
41	16384	42	87
33	16384	36	41
1	16384	30	33
30	16384	32
28	16384	30	51
5	262144	28	67
67	16384	70
70	65536	78
59	16384	70
51	262144	52	59
52	262144	54
36	262144	52
54	16384	56
49	65536	54
35	16384	39	49	59	91
18	16384	23	35
0	16384	18	75
75	65536	76
76	65536	78
73	65536	76
78	65536	80
80	16384	82
79	16384	80
47	65536	48	79
48	16384	50	55
46	16384	48
43	16384	46
39	65536	40	43	61	69
40	262144	44	57
44	262144	46	81
42	16384	44
81	16384	84
84	16384	86
82	16384	84
77	16384	82
60	16384	62	77	89
57	16384	60
58	16384	60
56	16384	58
53	262144	56
