node	size	children
7	16384	18	35
35	16384	40
2	262144	23	35	53
23	262144	27	75
5	16384	23
27	65536	28
12	16384	27	83
83	262144	89
9	262144	21	63	83
63	16384	64
64	65536	66
60	262144	64
57	262144	60
38	65536	46	51	57
3	16384	25	38
25	65536	28	61
16	65536	25	69
69	65536	74
74	65536	82
72	16384	74
70	16384	72
68	262144	70
62	262144	68
54	262144	62	81
51	65536	54
42	65536	50	51
11	65536	22	47
41	262144	42
22	16384	24
37	65536	42
21	65536	22	81
34	16384	37
19	16384	21
32	16384	34	43
13	262144	19	39
14	262144	32
39	16384	48
31	65536	32
0	65536	26	39
26	65536	29	75
24	65536	31	71	77
10	16384	24
8	262144	26
29	262144	30	45
71	16384	72
6	262144	29	33	41
33	65536	36
50	262144	58	65	71
48	262144	50
15	16384	18	33
45	16384	48
18	262144	31
58	16384	60
28	16384	30
56	65536	58
61	262144	70
55	16384	56	79
1	65536	19	55
79	16384	80
80	65536	82	85
78	16384	80
76	65536	78
67	65536	76
20	16384	36	59	67
4	262144	20	49
49	16384	52	87
52	16384	54
47	65536	52	59
43	65536	44	47
44	262144	46
40	16384	44
36	262144	40	87
87	262144	89
89	262144	90
90	262144	
88	16384	90
82	16384	88
86	262144	88
85	65536	86
84	16384	86
75	16384	84
81	65536	84
46	262144	53	73
53	16384	56
73	262144	76
59	262144	62
17	65536	20
77	262144	78
65	16384	66
66	16384	68
30	65536	34
