node	size	children
56	262144	58	59
54	262144	61
39	16384	40
55	65536	56
53	65536	54
35	262144	36	39
52	262144	56
36	262144	38
1	16384	17	34	45	53
34	16384	42
50	65536	52
33	65536	36
42	65536	44
46	16384	50
29	262144	33	57
41	262144	42
44	65536	46
57	16384	58
20	262144	22	41	47
37	65536	44
47	65536	52
19	262144	20
32	16384	37
48	16384	50
8	16384	15	43	49
11	262144	19
15	16384	18	21	23
40	262144	46
43	262144	48
0	262144	19	27	31
38	16384	40
6	16384	15
45	262144	48
27	65536	32	35
18	262144	20
31	262144	38
24	262144	26	27	43	59
59	65536	60
3	262144	18	25
23	65536	28	31	47
25	65536	30
16	262144	24
30	16384	32
5	262144	13	23	53
7	65536	16	51
13	262144	14	29
51	262144	61
28	65536	30	45
10	16384	13
61	65536	62
26	262144	28
49	16384	54
14	262144	16	33	35
62	262144	
22	16384	26
12	65536	14
60	262144	62
4	16384	12	21
17	262144	22	55
9	65536	12
58	262144	60
2	16384	17	49
21	262144	24	39
