node	size	children
65	65536	67
15	262144	18	42
66	262144	69
53	65536	59	62
63	262144	65
14	16384	15	48
62	16384	63
59	16384	61
57	262144	63
75	16384	
55	65536	59
48	65536	49
54	16384	57
64	262144	65
52	16384	55
49	262144	53
0	16384	17	54
42	65536	43
17	65536	25	66
47	16384	55	56	58
43	16384	49
60	262144	67
3	16384	17
41	16384	47
40	262144	43
25	65536	31
36	262144	41
12	262144	16
38	262144	39	40
6	65536	25
31	65536	35
45	262144	47
16	65536	21	60
39	65536	41	64
23	16384	31
44	262144	45
37	16384	39
8	16384	16
21	65536	24	26	36
2	262144	23
11	262144	20	44
32	65536	37
22	262144	23	46
4	16384	21	28
20	262144	22
28	65536	30	38	68
19	262144	22	70
35	65536	37	72
13	262144	20
24	65536	27	28	62
18	16384	19	44	50
72	16384	73
34	262144	45
73	65536	75
1	16384	24
9	16384	18	30	40
27	262144	29	32	42
30	65536	33	64
7	65536	19	34
71	65536	73
56	16384	57
10	262144	27	68
33	65536	35
70	65536	71
58	16384	61
68	65536	74
29	262144	33
46	65536	51	70
61	16384	69
74	262144	75
26	262144	29	50	52
51	262144	53
69	262144	71
67	16384	74
5	262144	15	26	56
50	65536	51
