node	size	children
86	262144	87
82	262144	86
87	262144	
64	262144	65
48	65536	51	56	64	66
51	16384	57
57	65536	65
56	262144	57
65	65536	77
30	65536	31
31	65536	39
10	262144	31
11	262144	17
6	65536	17
1	16384	18	72	78
40	16384	44
18	16384	22
32	16384	33	38	40
9	16384	18
44	65536	45
22	16384	24	42	62
7	65536	23	44
15	262144	22	54
23	16384	28	78
54	262144	55	70
28	16384	29
2	16384	28
19	65536	23	36	54
29	262144	47
14	262144	19
12	16384	29	46
13	65536	19	50	58
46	262144	55	68
50	65536	51
4	16384	26	46
55	16384	61	64	68
41	65536	43	50
61	262144	63	80	82
39	16384	41
60	262144	61
35	262144	39	48	58
49	262144	53	60
33	16384	35	48
43	16384	49
27	262144	33	60
3	65536	27
47	16384	49
26	262144	27
45	262144	47
24	65536	26	30
42	262144	45	52
21	65536	24	32	36
52	262144	53
0	262144	21	84
53	65536	59
84	16384	85
85	65536	87
59	16384	67
58	16384	59
77	262144	85
71	16384	77
63	262144	69
62	262144	63
67	16384	71	80
69	65536	71
66	16384	67
68	262144	69
36	65536	37	56	66
80	65536	83
37	16384	41
83	262144	86
34	16384	37	74
8	262144	20	34
81	262144	83
20	65536	25
79	65536	81
16	65536	20
78	65536	79
25	65536	35
76	262144	79
5	16384	25
72	16384	73	76
74	65536	75
38	65536	43	74
73	16384	75
17	262144	21	38	40
70	262144	73
75	16384	81
