node	size	children
34	16384	38
3	262144	10	29
29	65536	30
30	262144	34
23	16384	26	29
27	262144	30
1	65536	9
26	16384	28
9	16384	11	19
2	65536	9	14	15
25	65536	26
14	262144	18
19	16384	20	25	35
7	262144	13	14
20	65536	24
13	262144	16
15	262144	20
0	65536	8	13	23
8	65536	12
24	65536	28	31
6	16384	8	37
37	262144	38
28	16384	32
21	262144	24	25	37
32	262144	39
12	65536	21	27	35
31	16384	32
11	262144	12	15
39	262144	40
5	262144	11	17
36	16384	39
17	65536	18	23
35	65536	36
18	65536	22
33	16384	36
22	65536	34
4	16384	10	33
16	65536	22	31
40	262144	
10	65536	16
38	65536	40
