node	size	children
2	65536	17	39
31	262144	32
32	65536	34
39	65536	40	55
27	16384	30	31
34	16384	38
40	65536	42
30	65536	34	57
51	262144	54
55	262144	60
26	16384	30
54	16384	56
60	65536	62
25	65536	26
53	262144	54
62	16384	
9	65536	15	25	49
56	16384	61
15	262144	20	29
28	16384	46
61	262144	62
8	262144	15
23	65536	28
20	65536	23	33	35	47
58	16384	61
46	16384	50
0	16384	16	25
19	65536	20
16	65536	18	22
57	16384	58
22	65536	24
11	16384	19	35
6	65536	16	43
50	262144	58
24	16384	26
43	65536	44
35	262144	36	53
49	262144	50	59
47	262144	48
44	262144	46
36	65536	40
59	262144	60
42	65536	44	51
33	16384	36	45
18	65536	24	59
38	262144	42
45	262144	52	55
17	16384	21
12	262144	18
37	65536	38
52	262144	56
7	262144	12
3	262144	14	31
1	16384	13	37
10	65536	12	21	22
48	262144	52
13	16384	14	27	29
21	65536	28
41	65536	48	51
4	262144	13
14	262144	19
29	65536	32	41
5	262144	17
