node	size	children
14	262144	17	35	61
1	16384	22
44	65536	48
21	65536	24
5	65536	23
60	262144	64
17	65536	26
43	65536	44
2	65536	21	53
57	65536	60
53	16384	58	63
8	262144	17	65
32	65536	40	43	69
65	65536	66
52	262144	56	57
58	65536	66
31	65536	32
66	16384	72
47	16384	52
56	65536	58
22	262144	26	31	47	73
11	65536	21	29
72	16384	76
41	65536	42	47
55	65536	56
19	262144	22	37	45
71	65536	72
42	65536	44
30	65536	38	55
9	262144	19	45
76	65536	79
45	65536	48
28	16384	30	41
49	262144	52
75	65536	76
70	65536	74
27	16384	28
37	65536	46	57
15	65536	24	75
69	65536	70
25	16384	27	59
46	65536	50
24	16384	32	77
74	262144	78
40	65536	46
7	16384	25	39
39	16384	42
77	65536	79
68	16384	74
38	65536	40
4	262144	16	39	43
79	65536	80
67	16384	68
16	262144	19	31
36	262144	38
80	65536	
62	262144	68
34	65536	36
12	262144	16	51	75
78	65536	80
61	262144	62
33	65536	34	41	59
51	16384	54
73	262144	78
59	16384	62
54	65536	60	67
0	65536	18
18	16384	23
20	65536	30	35	49
64	65536	70	73
6	16384	20	33	69
26	65536	28
50	65536	54	77
3	65536	18	29	37
13	262144	20
63	16384	64
29	65536	34	49	55
48	65536	50
35	16384	36	71
10	16384	25	63
23	65536	27
