node	size	children
28	262144	30	41
2	16384	20	25	61
44	65536	46
22	16384	28
25	16384	26
46	65536	50
17	16384	22	39
63	65536	64
38	65536	46	53
3	65536	17	35	45	51
7	65536	22	63
68	65536	70
35	16384	36	61
30	262144	38
0	262144	18	51
18	16384	23
15	65536	16	35
70	262144	
26	65536	30
11	262144	18
67	262144	70
5	65536	15
24	16384	26	27
10	65536	15
23	65536	32	47
59	16384	67
27	65536	28	49
16	262144	21	31
20	65536	23
58	262144	67
49	65536	52	57
12	16384	16
19	16384	20	29
54	65536	58
52	262144	58
21	262144	24	43
9	16384	19	60
6	65536	14	41
51	16384	54
60	262144	68
4	262144	21	33	49
48	16384	52	65
50	262144	54
33	65536	34
56	16384	59	60
47	65536	48
34	16384	40
37	65536	38
55	65536	56
45	65536	48
32	262144	34
1	65536	17	37
65	65536	66
53	262144	56
43	65536	50	55
40	16384	42	47	63
29	16384	32	43	57
66	262144	68
36	16384	40
64	262144	66
13	262144	14	25	29	45
8	16384	19
31	262144	36
14	65536	24
62	16384	64
42	65536	44
57	262144	62
41	262144	44
39	65536	42
61	262144	62
