node	size	children
33	16384	35
31	262144	34	44	56	64
74	16384	77
50	16384	51	70
57	262144	59
59	16384	61
30	65536	31
55	16384	57
9	262144	28	30
27	65536	29	50
29	65536	33	40	74
28	65536	33
52	16384	55
25	65536	27
26	65536	29	32	52
21	65536	28
58	65536	61
10	16384	25
23	262144	26	38
1	65536	21	60
13	16384	23	38	46
24	65536	27	46
60	65536	63
32	65536	41	58
2	262144	18	32
0	16384	24
38	16384	39
41	65536	43
63	262144	67
5	65536	24
39	16384	47	52	78
46	16384	49
54	65536	63	78
14	16384	41
47	262144	53
37	262144	39	54
49	16384	55
71	262144	73
45	16384	47
36	65536	37
43	65536	49
70	65536	71
42	65536	45
40	16384	43	62
22	262144	26	36	76
73	262144	77
12	65536	21	42
15	65536	20	36
17	262144	22
62	65536	65
67	65536	73
44	16384	45
3	262144	17	76
20	16384	25	34
78	262144	81
65	16384	67
76	262144	79
18	262144	20	44	58
64	262144	65	66
53	16384	57
19	16384	23
79	16384	83
8	16384	18	68
4	65536	22	64
56	16384	59	72
11	65536	19	54
51	262144	53
83	262144	
66	262144	69	70
68	65536	75
75	65536	79
6	65536	19
69	16384	71
81	262144	83
48	16384	51
16	65536	17
35	262144	37	48
72	262144	75
80	262144	81
61	65536	69
7	262144	31
34	16384	35
77	262144	80
