node	size	children
24	16384	29	56
53	262144	55
9	65536	13	42
3	16384	15	36
42	16384	43	60
56	16384	63
36	16384	37
52	65536	53
28	262144	29
35	262144	41	42	50
5	262144	18	36
63	65536	65
12	65536	17	52
18	16384	19	28
10	65536	20	30	35	54
62	262144	63
38	65536	53
2	65536	18
20	65536	21
19	65536	23	24
65	65536	67
17	65536	20	46
8	262144	19
60	16384	65
31	16384	33
23	262144	25	58
6	65536	31
16	262144	17	38
67	262144	
43	16384	45
25	65536	47
14	262144	16	44
66	262144	67
21	65536	25	26	38	64
4	262144	13
64	16384	66
11	262144	14
1	65536	21	32
7	262144	14
61	65536	66
26	16384	27
44	16384	48
32	65536	34
57	65536	61
34	16384	37
48	65536	49
51	16384	57
37	16384	39	64
49	262144	55
50	65536	51
39	16384	43	44	46
47	262144	49	56
46	16384	51
33	65536	39
45	262144	47
13	262144	16	22	28	62
54	16384	57	58
30	262144	33
41	16384	45	54
58	16384	59
27	262144	30	62
40	262144	41	52
22	262144	27
59	16384	61
29	262144	31	40
55	16384	59
0	262144	15
15	16384	23	24
