node	size	children
14	65536	17
71	262144	72
11	16384	16	65
38	65536	40
13	16384	14	63
65	65536	71
32	16384	38
16	262144	19
63	65536	66
72	65536	
28	65536	32	37	55
12	65536	16
42	262144	44	63
70	262144	72
27	262144	28	45
19	16384	21
66	16384	70
36	16384	42
10	65536	19	29	57
8	65536	20	27
45	262144	52	61	69
64	16384	66
34	65536	36	39
29	65536	36
52	16384	54
31	262144	34
55	65536	64
1	262144	15	29
51	262144	52
15	65536	24	35
33	65536	34
68	65536	70
54	262144	58
2	262144	15
67	262144	68
39	262144	44
24	65536	30	31
58	16384	62
30	16384	32	43	67
44	65536	46
20	16384	24	39	55
57	262144	58	59
62	16384	68
46	16384	48
3	65536	20	41	67
69	65536	71
41	65536	42
59	65536	60
61	65536	62
43	262144	46	51
18	65536	22	41
60	16384	64
26	16384	30	43
53	65536	56
56	16384	60
5	262144	18	25	53
22	16384	26
35	16384	38
25	262144	26	33
49	262144	56	69
4	262144	17
6	262144	22	47	65
7	65536	21	25	49
47	262144	48
21	65536	23	59
0	16384	14	37	49
9	65536	18
37	262144	40
48	65536	50
23	16384	28
50	65536	54	57
17	262144	23
40	262144	50
