node	size	children
45	16384	48
20	16384	22
46	65536	48
7	262144	12	19	31
18	16384	20
44	65536	46
12	65536	14	27
3	262144	16	18
10	16384	12	18	35
39	65536	44
16	65536	22	39
0	65536	26	27	39
2	16384	10
22	262144	25
26	16384	32
5	65536	10	29
29	16384	30
25	262144	32
24	65536	26	33
30	262144	36
11	262144	13	23	25
33	16384	34
28	65536	30	45
8	65536	11
34	262144	36
4	262144	11	47
23	16384	28	38
47	65536	49
32	16384	34
21	65536	23
49	16384	50
36	65536	44
6	16384	15	19	21
43	65536	49
27	65536	28
15	16384	16
40	16384	42	43
13	65536	15	47
35	16384	46
38	65536	40
9	262144	13	17	24	33	41
17	262144	21
42	262144	50
14	65536	17
41	262144	42
1	262144	14	31
50	65536	52
31	16384	37
52	262144	
37	65536	40
48	16384	52
19	16384	20	37
