node	size	children
43	262144	47
83	262144	85	88
26	262144	29
37	262144	43
81	16384	83
56	16384	57	77	84
79	65536	81
47	16384	51	54
57	65536	61	94
76	16384	79
45	262144	47
94	65536	98
70	65536	76
44	262144	45	77
84	16384	89	94
77	16384	81
63	65536	65	70
9	16384	24	84
51	16384	53
24	262144	30
61	262144	63
49	262144	51
20	65536	24	36
59	262144	61
6	16384	20
48	262144	49
55	65536	59
2	16384	20
36	262144	39
16	16384	19	48
53	262144	55
40	262144	53
54	16384	55
30	65536	31
89	65536	93
25	65536	30	34	40
5	16384	25
93	65536	95
19	65536	25	38	50
86	65536	93
8	262144	19	62
95	16384	97
62	262144	63	78
38	262144	57	62
91	262144	95
14	262144	22	38	48	52
90	262144	91
22	262144	26
66	262144	67	74	90
74	262144	83
4	16384	22	64	96
64	262144	69	92
68	262144	73	74
69	65536	71
73	16384	75	80
67	65536	69
71	16384	73
65	65536	67
75	65536	80
60	262144	65
80	65536	85
1	262144	32	60
32	65536	35
0	262144	23
85	262144	87
23	262144	26	44
35	65536	37	50
87	16384	91
10	262144	23	46	66	68	86	90
34	262144	35	36
82	65536	87
41	262144	43
46	16384	49
7	262144	27	34	82
50	262144	58	82
42	65536	45	46
27	16384	33	56
58	262144	59
39	262144	41	42
11	262144	27
97	65536	99
33	65536	37
17	16384	39	72
96	16384	97
72	262144	75
31	16384	33	70
99	16384	
52	65536	71	72
29	262144	31	56
98	65536	99
13	16384	21	52
28	65536	29
92	16384	98
12	65536	28
21	16384	32	68
18	262144	41	92
3	65536	21	88
15	65536	28	78
88	262144	89
78	65536	79
