node	size	children
1	16384	12	36	54
8	65536	11	28
29	16384	31
54	262144	55
28	16384	31
31	65536	33
55	262144	
7	16384	15	28
15	16384	19	26
33	262144	37
53	16384	55
5	65536	15
27	16384	33	44
19	65536	29
52	16384	53
26	65536	27
47	65536	52
14	262144	19	30
44	65536	45
4	65536	14	22	25
45	262144	47
22	65536	24
38	16384	39	44
40	16384	45
18	65536	21	22	36
30	16384	35	38	54
46	16384	47
13	262144	17	18	34
35	16384	41
42	262144	52
12	16384	13
25	16384	35
3	65536	13
11	262144	14	18
6	16384	12	48
41	262144	49
48	65536	49
39	262144	41
24	65536	27	48
34	65536	39
2	65536	16	24	46
16	262144	17	42
49	65536	51
10	65536	16
51	16384	53
17	16384	21	30
0	65536	20
50	16384	51
20	65536	23	40
21	65536	23
37	262144	50
9	65536	11	20	40
23	262144	29
36	65536	37
