node	size	children
6	65536	10
13	65536	15	32	38
17	262144	19	42
15	65536	25
3	16384	13	34
16	65536	17
34	16384	35
4	65536	21
1	16384	12	16	28
35	16384	43
12	65536	13	20	22
26	16384	35	42
9	65536	12	26
8	65536	9
42	16384	45
0	65536	9	36	44
36	65536	37	38
45	16384	47
27	16384	29	36	40
39	65536	45
25	262144	27
30	16384	39
21	65536	25
28	262144	30
19	65536	21	23
24	16384	27	30
18	262144	19
37	262144	39
23	16384	29
47	65536	
29	65536	31	44
46	65536	47
7	65536	11
31	262144	33
43	262144	46
11	16384	18	24	40
22	262144	31
41	262144	43
2	65536	11	14	20	32
14	65536	15	24	34
20	262144	22
40	16384	41
5	16384	10	14
33	65536	37
10	262144	17
38	16384	41
32	65536	33
44	16384	46
