node	size	children
37	65536	38
18	262144	20
16	65536	22	31	37
34	65536	38
12	262144	14	31
8	262144	10	21	27
2	16384	10	19
13	16384	15
20	16384	22
33	65536	34
35	16384	39
40	16384	
17	16384	20
10	262144	12	13
7	262144	11	16
36	65536	39
22	16384	28
3	262144	12	15
23	16384	30
11	262144	32
0	16384	9	13	17	27
21	65536	24
9	65536	11	23
6	16384	9	25
27	262144	28
25	262144	26
38	16384	40
31	16384	36	37
26	262144	30
32	65536	36
39	262144	40
5	262144	8	17
29	16384	33
24	262144	26
4	65536	14	35
1	16384	8	16	33
14	65536	18	19
19	65536	24	29
30	16384	32
28	262144	34
15	65536	18	29
