node	size	children
0	65536	7
19	262144	21
35	262144	37
24	262144	29
26	16384	29
9	16384	11	30
30	65536	31
15	262144	19	26
13	16384	15	17	24
3	262144	13	14
4	16384	8
7	262144	9
12	16384	15	18
31	65536	35
18	262144	25
37	16384	
32	16384	36
20	16384	21	24
6	65536	7	10	16	34
14	16384	16	20	28
10	262144	11	12	28
29	65536	33
16	65536	25	30
33	65536	36
2	16384	10
27	262144	33
34	65536	35
5	16384	8
25	65536	27	32
21	262144	23	26
1	262144	9
23	65536	27
8	65536	13
17	16384	19	32
28	65536	31
11	16384	17	22
22	16384	23	34
36	16384	37
