node	size	children
6	16384	12	25
51	16384	52
12	16384	14	27	37
38	65536	41
48	65536	51
10	65536	12	24
36	262144	38
28	16384	48
25	65536	36
9	262144	10	35
35	262144	44
26	262144	28	29
46	262144	48
24	16384	30	35
20	262144	26	27
43	65536	46
14	262144	16	17	19	24
17	16384	20	33
50	65536	52
11	262144	14	21	31
33	262144	34
45	16384	50
4	65536	11
34	16384	38
27	65536	28	45
2	262144	11	19
19	16384	23	31
32	65536	34
52	262144	
23	262144	26
30	262144	32
18	262144	20
5	16384	13	23
29	262144	30
13	262144	15
16	262144	18
31	16384	32	47
1	16384	13
7	262144	16
15	65536	18
47	65536	50
8	65536	15	39
44	16384	46	47
39	65536	40	43
42	65536	44
0	65536	22	39
22	262144	36	43	45
40	16384	42
21	65536	22	49
37	16384	40
3	262144	10	21	49
41	65536	42
49	16384	51
