node	size	children
0	262144	30	61	65	77
30	65536	34	39	57
23	262144	30
19	16384	23	53
4	65536	19	67
67	16384	76
44	65536	46	67
41	65536	44
38	262144	40	41	51
34	65536	38	47	51
27	16384	34	75	83
22	65536	27
18	262144	22
3	16384	18
6	65536	18
17	65536	22	69
69	262144	70
8	65536	28	56	69
28	262144	32	63
20	262144	28	71
7	262144	20	37
37	262144	38
25	65536	26	37
21	16384	25	33
11	65536	21	43
43	16384	44	59
59	16384	60
60	16384	62	87
54	65536	60
42	65536	54	79
39	16384	42	53
53	262144	54	81
81	262144	82
58	16384	66	81
49	262144	58
26	16384	29	49
14	262144	26
29	65536	31	35
79	65536	82
9	16384	29
31	16384	32
86	65536	89
24	262144	31
83	65536	86
5	262144	24
89	16384	90
1	262144	24	33
33	16384	42
74	65536	89
32	16384	36
72	262144	74
70	16384	72
36	16384	40	83
35	262144	36	45
56	262144	70
71	16384	72
13	262144	27	35	47
47	65536	48
15	262144	21	71
48	262144	50
90	65536	
57	262144	58
46	16384	48
40	16384	46	65
10	65536	25	57
65	65536	66
16	65536	20
66	262144	68
12	262144	19
68	16384	74
2	65536	23
63	262144	68	87
87	262144	88
88	65536	90
85	262144	88
77	65536	85
55	262144	64	85
52	65536	55
51	262144	52
50	16384	52
45	262144	50
64	16384	80
62	65536	64
61	65536	62	73
73	16384	76
76	65536	78	79
78	16384	80
75	262144	78
80	262144	84
84	65536	86
82	16384	84
