node	size	children
0	16384	24	36
24	65536	27
21	65536	24	34
17	65536	21	32	52
14	16384	17	46	74
46	262144	47
47	65536	49	50
43	65536	47
41	16384	43	72
37	262144	41	42	66	72	82
36	65536	37	44	60
3	65536	18	36	64
18	16384	19	62	80
8	16384	18	56
56	16384	57
57	65536	59
55	262144	57
53	65536	55
51	16384	53
49	16384	51	54
28	65536	49
6	16384	28	30	54
30	16384	31
31	16384	34
27	65536	31	78
15	16384	27
78	262144	81
81	16384	84
79	65536	81
77	262144	79
76	16384	77
11	16384	26	32	76
54	262144	59
60	65536	61
26	262144	29
73	262144	77
22	65536	26	62	66
16	65536	22	48
64	262144	73
48	65536	51	68	82
19	262144	23	50	64
35	16384	39	40	48	58
2	262144	19
23	16384	28
32	262144	35
13	16384	23
34	65536	35	42	70
50	65536	53
42	16384	45
80	16384	84
45	65536	55
84	262144	85
44	262144	45
85	262144	
70	16384	71
83	65536	85
71	262144	75
72	262144	83
69	16384	71
82	65536	83
67	16384	69
12	16384	22
66	65536	67
9	65536	17
62	16384	67
1	262144	21
68	262144	69
39	65536	43	68
38	16384	39
5	262144	20	38
20	16384	29
10	262144	20
29	262144	33
33	262144	37
25	16384	33
7	65536	25
4	16384	25
75	262144	79
74	16384	75
40	262144	41
58	65536	63	80
63	65536	65
52	65536	63
65	262144	73
61	262144	65
59	262144	61
