node	size	children
70	16384	72
63	65536	64
68	65536	70
61	262144	64
65	65536	68
58	16384	61
56	262144	68
44	65536	58
55	262144	56
43	16384	44
60	262144	70
33	16384	36	39	43
54	262144	60
10	65536	26	33	81
50	65536	54	59	61
26	262144	29
49	65536	50
24	16384	26
48	16384	50
18	65536	24
46	16384	48	73
8	16384	18
73	262144	76
17	16384	18
23	262144	24	62	71
62	16384	66	73
4	16384	23	41	75	83
76	262144	88
41	65536	46
74	262144	76
1	262144	21	41	53
67	16384	74	85
0	16384	28	47	51	77
21	65536	23	35	67
28	65536	32
85	262144	89
14	262144	21
19	16384	28
13	16384	30	85
35	65536	36	45	65
2	262144	19	57	79
36	65536	42
89	16384	90
57	65536	58
42	262144	44
9	65536	31	57
87	16384	89
31	65536	34	71
40	65536	42	55
47	262144	48	87
27	262144	31
39	65536	40	45
90	262144	
7	65536	27
45	262144	52
12	65536	27
88	262144	90
34	262144	40	49
52	16384	56	75
59	65536	60
32	65536	34
51	65536	52	77
53	262144	54
30	262144	32	43
77	262144	78
11	65536	20	53
71	262144	72
3	65536	30	37
78	65536	80
37	262144	38	59
75	16384	78
38	16384	46	51	63	79
5	65536	22
80	16384	86
16	65536	25
29	65536	38	49
79	262144	80
6	262144	19
25	262144	29	63	83
86	65536	88
22	16384	25
84	262144	86
20	16384	22
83	65536	84
15	16384	20	69	81
82	262144	84
69	16384	74
81	262144	82
66	65536	69
72	16384	82
64	65536	66
