node	size	children
32	16384	37	64
45	16384	53
34	16384	39	40	44
26	16384	27
37	65536	41	72
55	65536	59	60	74
4	16384	20	34	56
10	16384	21
20	262144	24
36	262144	37
50	262144	55
11	16384	19	32	51
5	16384	20	52
2	262144	16
43	262144	50
6	16384	23
52	65536	59
68	65536	71
19	262144	29
8	16384	17
3	16384	22	36	68
59	16384	63
25	262144	31	52	72
71	65536	73
17	16384	19	48
63	262144	65	70
69	262144	71
0	65536	17	28	58
31	16384	33	36
61	262144	63
28	65536	29	30
65	262144	69
27	16384	31	32	68
58	16384	61
23	262144	25	28
56	262144	65
13	262144	27	30
57	16384	61
22	262144	23	26
73	65536	76
30	65536	33
49	16384	57
18	65536	22	50
70	262144	73
33	65536	35	48	60
47	262144	49
14	16384	18
60	262144	70
35	16384	43
39	262144	47
16	16384	18
76	65536	77
29	262144	35	42
38	65536	39
9	65536	16	54	56
72	16384	76
54	16384	57
42	65536	45
46	65536	47
77	65536	
41	16384	43	54
7	16384	15	42	66
48	16384	49	62
75	16384	77
15	65536	24	38
40	16384	41	64
62	65536	67
66	262144	75
1	16384	15	51
21	262144	25	40	66
51	16384	53	62
67	262144	69
74	16384	75
12	16384	21	44
53	65536	55
64	262144	67
24	65536	26
44	16384	45	46
