node	size	children
29	65536	30
5	16384	10	17
37	16384	39
10	262144	12
39	65536	40
6	16384	10
12	262144	14
35	65536	39
11	16384	12	19	21
28	65536	34	35
3	16384	11	13	29
24	65536	28
13	65536	14
20	16384	24	25
0	65536	8	13
8	65536	16	21	23	27
19	262144	20
7	262144	8	15
15	262144	16
16	262144	18	19
1	262144	9	15
18	262144	20	27
9	262144	11	31	33
2	65536	9
4	262144	18
31	16384	32
27	16384	36
32	262144	34
36	262144	38
30	262144	32	37
33	65536	36
22	65536	26	30
38	16384	40
17	262144	22
34	262144	38
21	65536	22
40	262144	
26	65536	29
25	16384	28
23	65536	26
14	16384	24
