node	size	children
25	262144	27	32
37	262144	41
17	16384	25
3	262144	12
35	65536	37
6	16384	17	40
38	65536	39
40	262144	45
34	16384	35
45	16384	47
13	262144	17	34
43	16384	45
9	65536	13
2	262144	9	28
29	262144	43
28	65536	31
26	262144	29
31	65536	33	42	46
0	65536	13	26	44
21	262144	31
44	65536	47
20	262144	21
4	16384	9	44
1	262144	10	14
47	16384	49
16	16384	18	20	38
10	262144	11	28
49	16384	
18	65536	19	24
5	65536	10	22	38
22	262144	23	32
27	16384	29	30
11	262144	15	18	46
24	65536	27
23	262144	25
7	16384	11
46	262144	48
30	65536	33
15	262144	23	26
48	65536	49
19	65536	21	30
14	65536	15
41	16384	48
33	16384	35
12	65536	14	16	19
39	65536	41
42	262144	43
8	16384	12	36
32	16384	39	40
36	65536	37
