node	size	children
0	16384	11	31
31	262144	34
21	16384	22
11	16384	12	21
33	65536	38
15	16384	20	21
6	262144	11	13
25	262144	26
13	16384	15	29
20	16384	36
3	65536	9	13	39
23	16384	25
4	16384	20
9	262144	10	17	33
36	16384	43
1	16384	9	16
16	65536	19	35
35	262144	36	37
19	65536	23
37	262144	40
12	262144	14	19	27
40	16384	43
10	16384	12	15
39	65536	40
8	65536	10
43	16384	44
7	262144	8	24
24	262144	29
44	262144	
17	16384	18	24
42	65536	44
18	65536	22	25
38	65536	42
14	16384	18	35
34	65536	38
5	16384	14	27	37
32	65536	34
27	65536	28	39
30	65536	32
28	262144	32
29	65536	30
26	262144	28
2	262144	8	30	41
22	16384	26
41	262144	42
