node	size	children
32	16384	37
20	262144	21	22	24
33	16384	37
11	16384	14	20
30	65536	33
6	262144	11	15	20	36	40
15	16384	17
44	65536	45
8	262144	15
40	262144	44
17	262144	21
45	16384	
16	16384	17
43	16384	45
3	65536	11	16
5	262144	9	16	26	34
42	262144	43
9	16384	13	28	32	42
7	262144	9	28	40
41	262144	43
28	16384	29	34
36	65536	41
29	65536	33
34	65536	35	36
25	262144	29
35	65536	41
19	65536	25	26
31	16384	35
13	16384	19	38
0	16384	10	22
22	16384	23	30	42
24	16384	31
12	16384	13
10	65536	14
27	65536	31
1	262144	12
2	65536	10	18
4	16384	12
18	65536	23	30
26	65536	27
38	16384	39
14	65536	19
23	65536	27
39	262144	44
21	65536	25
37	16384	39
