node	size	children
27	16384	34
34	262144	35
26	262144	34
1	16384	7	12
7	262144	9
21	262144	23	26
5	65536	7	14	22
18	16384	21
14	65536	15	24
23	65536	29
0	262144	8	14	18
8	262144	18
15	262144	23	30
3	262144	8	19	20
19	16384	21
6	65536	15
30	16384	31
11	262144	13	19
12	16384	13	30
10	16384	11
13	262144	16
4	65536	10	17	26
17	262144	27
31	65536	33
16	65536	17	24	32
29	16384	31
9	262144	11	16
33	65536	35
2	262144	9	28
28	16384	29
32	16384	33
25	65536	27	28
35	262144	
24	16384	25
22	16384	25
20	65536	22
