node	size	children
30	65536	31	36
40	16384	43
21	262144	23	29
22	16384	23	30	48
43	16384	47
20	262144	21
33	16384	43
13	262144	16	22	42
16	16384	19	20
29	65536	33
11	16384	13
19	262144	22
32	262144	33
7	65536	11
8	65536	11
1	262144	19	24	50
3	262144	13	18
47	16384	49
24	262144	39	48
18	65536	21	26	46
46	262144	47
39	65536	45	52
14	65536	16	18
49	262144	54
37	16384	39
4	16384	14
12	16384	14	20	24
48	16384	49
27	16384	37
0	16384	12
54	16384	55
36	65536	37
10	16384	12	28
42	16384	54
45	16384	51
28	16384	31	46
55	65536	
44	262144	45
26	65536	28	38
9	262144	17	40
31	262144	35
51	262144	53
38	65536	41
17	16384	25
50	65536	51
41	262144	44
53	65536	55
35	16384	41
52	16384	53
34	65536	35	36
2	65536	15	26
5	262144	17	52
25	262144	27	34	50
15	16384	27	32
23	262144	25
6	65536	15	30
