node	size	children
23	262144	28
16	16384	18	43
32	65536	36	39
43	262144	44
27	65536	32
44	262144	46
3	65536	10	27	33
33	262144	42
40	16384	44
42	65536	46
39	16384	40
5	16384	12	23
26	16384	28	39
37	65536	42
12	262144	16	19	31
46	16384	49
25	262144	26
0	262144	12	21	35
49	262144	50
21	262144	22	29
15	262144	20	25	37
41	262144	49
8	65536	11	21
7	16384	15
11	16384	16	45
10	65536	15
50	262144	
4	65536	11	17	29
6	16384	10	35
48	16384	50
17	16384	18	47
35	262144	38
47	65536	48
38	16384	40
13	65536	14	17	41
45	65536	48
1	262144	13
36	16384	38
9	65536	13	19
31	262144	32	45
34	16384	36
19	16384	22
2	16384	14	25
22	262144	24	27	33
29	16384	34
14	65536	26
24	65536	30
30	65536	34
20	262144	24
28	65536	30
18	262144	20	47
