node	size	children
61	65536	72
59	262144	60
5	16384	23	71
42	262144	45
0	65536	19	67
71	65536	72
58	262144	62
38	16384	40	47	61
19	16384	26	33
41	65536	42
40	65536	44
72	65536	74
55	65536	58
14	65536	19
20	262144	25	41
77	65536	79
35	16384	40	69
33	65536	36	51	55	77
26	262144	30
16	65536	20
69	262144	70
36	262144	42	43
22	262144	26	41
1	65536	16
67	16384	68
70	262144	78
43	65536	44
3	65536	16	63	65
10	262144	22	57
63	65536	64
66	262144	70	73
44	262144	46
57	16384	60
64	262144	66
65	262144	66
46	262144	48
13	65536	22	32	57
56	16384	64
73	262144	76
48	262144	50
32	16384	38	39
49	262144	56
76	262144	78
39	16384	48
47	16384	50
24	16384	27	32	43
37	16384	38	49
75	262144	76
2	16384	21	39	53	77
15	65536	24	29	31	67
4	16384	31	33	37
78	262144	80
21	16384	23
31	262144	34
29	262144	52
18	65536	21
80	262144	
34	65536	36
52	65536	58	59
7	65536	18
79	65536	80
8	16384	18	53
30	16384	34
51	16384	52
53	65536	54
74	65536	79
28	16384	30
23	65536	24
11	16384	17	51	59
54	16384	56
68	65536	74
25	65536	28
17	262144	20	35	65
50	16384	54
62	65536	68
6	16384	25
12	65536	17	45
27	16384	28	61
60	65536	62
45	65536	46	75
9	16384	27
