node	size	children
50	65536	51	56
57	16384	59
18	16384	29
59	16384	63
51	262144	53
52	65536	57
8	65536	18
29	65536	47
45	262144	49	52
49	16384	51
47	262144	53
6	262144	14	44
42	65536	49
43	65536	45	64
44	65536	47
53	16384	55
41	65536	43
15	16384	23	44
55	262144	61
33	65536	41	48
54	262144	55
31	262144	33
5	262144	15	36
0	262144	18	30
36	262144	39
48	65536	52	54
28	262144	31
39	16384	45
10	16384	13	28
56	65536	59
37	262144	43	48
38	65536	39
35	16384	37
1	16384	19	28	54
19	16384	22	24	35
3	262144	15
61	262144	65
23	16384	25	40	50	64
12	65536	19	26
9	16384	20
60	262144	61
20	65536	21
22	65536	23	24
26	262144	29	40
7	16384	17	60
24	65536	27	35	42	58
4	65536	20
14	262144	16	22	26
65	262144	67
21	262144	25
27	65536	31
11	262144	14	32
64	262144	65
17	65536	21
25	16384	27	30	62
67	16384	
32	262144	33	34
16	16384	17	32	36
62	65536	63
66	262144	67
34	65536	37
13	65536	16
40	262144	41	56	62
58	262144	66
30	262144	34	38
2	262144	13	46
46	262144	57
63	65536	66
