node	size	children
93	16384	95
91	16384	93
88	16384	91
87	262144	91
81	65536	87
85	16384	87
84	262144	85
95	65536	
94	262144	95
76	65536	77
1	262144	21	76
38	16384	45
56	262144	57
0	262144	28
28	262144	31
11	16384	28	41
41	262144	43	88
9	65536	24	41	74
24	16384	25	34	48	56	86
21	65536	24	48
17	16384	21	42
47	16384	49	58
42	262144	51
45	262144	47
10	262144	25	38	42
39	16384	45	78
25	65536	33
26	262144	39
33	65536	35	36	72
34	16384	39
30	262144	33
31	262144	34
27	65536	30	90
22	65536	31
14	65536	27
18	262144	22
2	65536	27
12	65536	22
90	16384	94
36	262144	37	90
78	65536	79	84
79	16384	81
19	16384	26	36	58	76
49	262144	53	62	92
77	262144	79
7	65536	19	68
68	262144	69
74	16384	77
43	16384	49	68
65	262144	69	74
40	16384	43	60
64	65536	65
37	65536	40
16	65536	19	64
35	16384	37
62	262144	65
32	65536	35	44	52
69	262144	71
8	262144	32
71	262144	73
29	16384	32
70	65536	71
5	16384	29
4	262144	29
73	16384	81
44	16384	47	54	70
72	262144	73	80
15	16384	23	44
80	262144	85
23	65536	30	66
13	262144	23	40	46
66	16384	75	80
75	65536	83
46	65536	51
6	262144	20	46	52	88
67	65536	75
20	16384	26	82
61	16384	67
3	65536	20	50
50	262144	59
58	65536	61
48	65536	50
63	262144	67
59	262144	61
60	65536	63
53	16384	63
57	262144	59
52	16384	53
55	16384	57	60
83	262144	89
51	16384	55
82	262144	83
54	262144	55	92
89	65536	93
92	16384	94
86	262144	89
