node	size	children
4	262144	19	35
51	262144	53
19	262144	23
46	16384	51
5	65536	19
58	16384	60	71
23	16384	24	59	77
55	65536	58
20	65536	23	41
1	65536	20
30	262144	34	49	52	55
7	16384	20	47
10	16384	30	81
47	262144	48
81	262144	82
48	65536	50	52	65
41	16384	44	61	81
44	262144	48
42	262144	44	67
82	262144	88
40	262144	42
80	262144	82
39	262144	40
76	16384	80
37	262144	38	39	49
74	262144	76
73	16384	74	79
22	262144	28	37	57
3	16384	22
50	65536	56	73
12	262144	22	43	85
49	16384	50	69
43	16384	46	75	83
69	262144	70
21	262144	26	43
65	262144	68	69
14	65536	21
68	16384	72
13	65536	21	63	75
67	262144	68
63	65536	64
72	262144	74
64	16384	66
61	16384	64	83
70	262144	72
66	65536	70
33	65536	36	61
18	65536	25	33
60	16384	66
8	16384	18
59	262144	60
6	16384	18
56	65536	62	87
25	65536	28
2	65536	25
52	262144	56
28	65536	31
62	65536	76
31	65536	32
57	65536	62
32	16384	40
87	16384	89
24	65536	32
77	65536	78	79	87
17	16384	24	45
78	16384	86
45	16384	46
71	65536	78
36	65536	38	45
86	65536	89
38	65536	54	59
85	16384	86
54	262144	58
89	65536	90
53	262144	54
90	16384	
88	262144	90
84	262144	88
75	65536	84
83	16384	84
79	262144	80
9	16384	30
34	262144	42
29	262144	34
26	262144	29
16	65536	26
11	65536	29
0	16384	27
27	262144	31	67
15	262144	27	35	53
35	65536	36	57
