node	size	children
25	65536	30	31	53
35	16384	42
16	65536	19
15	65536	16	34
68	16384	70
22	65536	25	63
65	65536	70
10	262144	18	35
33	262144	40
6	16384	16	39
67	16384	68	71
39	16384	42
5	16384	22
18	65536	25
2	65536	22
12	65536	27
71	65536	72
23	16384	38	39
63	262144	64
13	16384	18	29	73
72	16384	74
14	16384	23	43
64	16384	66	71
29	262144	30
66	65536	72	77
43	65536	48
62	65536	64
1	65536	19	29	51
19	65536	24
11	65536	26	43	49
58	16384	62
59	65536	66
51	65536	52
53	262144	58
57	65536	59
26	65536	28
77	65536	79
3	65536	26
9	262144	21	51
52	65536	58
61	262144	62
28	65536	33
79	262144	80
56	65536	60	61
50	262144	52
27	262144	28
80	65536	
54	262144	56
49	262144	50
24	65536	27
78	65536	80
44	16384	54	67
40	262144	50
21	65536	24
73	16384	78
41	16384	44
37	65536	40
8	16384	21	45
48	262144	56	73
0	65536	20	41
45	262144	46
4	65536	17	37
20	262144	23	31	57
46	65536	48
36	262144	38	45
17	262144	20	65
31	262144	32
38	65536	46
34	65536	36	69
7	16384	17	75
75	65536	76
32	65536	36	55
76	65536	78
69	262144	79
47	16384	54	75
55	65536	60
74	16384	76
42	262144	44	69
30	262144	32	47	59
60	262144	68
70	65536	74
