node	size	children
0	65536	30	59
30	262144	32	39
29	262144	30	73
27	65536	29	57
24	65536	27	49
18	65536	24
15	16384	18	33	43	63	65
33	16384	34
6	65536	20	33	69
20	262144	29	63
19	16384	20	65
7	65536	19	71
71	16384	82	83
82	262144	86
81	262144	82
65	16384	68	81
68	262144	70
67	16384	68
58	262144	66	67
50	16384	58
48	262144	50	55
46	262144	48
44	16384	46	61
43	262144	44
16	65536	19	43
42	16384	44	53	77
36	16384	42
32	16384	36	83
28	65536	32	77
26	16384	28	47
8	16384	26
5	65536	26	41	51
41	65536	42	53
9	262144	27	41	45
45	262144	52
57	16384	62
52	262144	54
61	262144	62
49	262144	52
37	65536	40	61
17	16384	22	37	49
77	16384	78
22	262144	25
76	65536	80
14	65536	22
75	262144	76
25	16384	38	85
53	262144	54	75
10	262144	25	55
54	262144	56
55	262144	60
56	65536	58	89
60	16384	64
51	65536	56
59	262144	60
89	65536	91
64	65536	72
91	16384	92
63	16384	64
86	65536	91
72	65536	74
85	16384	86
70	262144	72
1	16384	28	35	85
69	262144	70
35	16384	38
38	262144	46
40	262144	50	51	69
39	262144	40
92	262144	
4	65536	21	37	39
74	16384	76
73	65536	74
21	262144	23
12	65536	21
13	262144	18
3	16384	24
23	65536	31
11	65536	23
31	16384	34	87
2	262144	31
34	16384	36	79
79	16384	84
47	65536	48	79
84	65536	88
83	262144	84
88	16384	90
87	65536	88
90	16384	92
80	16384	90
78	16384	80
66	262144	78
62	16384	66
