node	size	children
2	16384	27
8	262144	27	83
83	262144	86
64	65536	74	83
17	262144	28	57
63	65536	64
28	16384	30	39
57	65536	60	63
0	16384	28
30	65536	32	41
60	16384	64	87
19	262144	30	53	65
87	65536	90
90	16384	92
10	262144	19	73
73	65536	76	79
86	65536	90
76	262144	86
92	16384	
71	65536	76
91	16384	92
54	262144	56	71
89	262144	91
50	16384	54	71
75	262144	78	89
78	262144	82
46	65536	50	59
44	16384	46	51
74	65536	78
41	262144	44	61	63
72	16384	74
26	262144	29	41	75	85
70	16384	72
59	16384	70
3	16384	26
5	16384	26
68	65536	70
29	65536	31
24	16384	29
66	65536	68
62	16384	66
23	65536	24	49
9	16384	23
61	16384	62
20	65536	23
55	262144	62
7	16384	20	36
36	16384	43	77
21	16384	25	55
6	65536	21
31	65536	35	36
1	65536	21
25	16384	32	69
22	262144	31	61	79
16	65536	25
13	262144	22	53	57
53	262144	58
32	65536	34
34	65536	40
58	65536	60
40	16384	42
56	65536	58
52	16384	56	75
33	16384	40
51	16384	52
11	65536	20	33	67
47	262144	48	51
67	16384	68
42	65536	44	47	59
12	262144	19	35	67	81
39	65536	42
35	262144	38
38	16384	46
27	65536	34	39	89
37	65536	38
18	16384	24	37
4	65536	18	55
15	262144	18	37	45
45	262144	48
48	16384	52
81	65536	84
43	16384	50	81
84	16384	88
82	65536	84
80	65536	82
79	65536	80
77	65536	80
88	262144	91
85	65536	88
69	16384	72
65	262144	66
14	16384	22
49	16384	54
