node	size	children
62	16384	64
29	16384	35
6	65536	23
64	16384	65
9	262144	29	32	38
33	65536	36
32	16384	33	34
37	262144	39	64
36	16384	37	48
5	65536	16	30	32	48
16	65536	17	42
39	16384	41
34	16384	35	36
0	65536	14
14	262144	18	62
13	262144	16	52	54
30	65536	39
35	65536	43
3	262144	14	58
41	16384	45
8	262144	13
58	262144	63
43	16384	51	62
12	16384	13	44
26	16384	29
40	65536	41
63	262144	65
38	262144	43
44	65536	47
65	65536	67
51	65536	57
61	65536	63
1	65536	17	22	44
17	16384	20	40
67	16384	
55	262144	61
50	16384	51
20	65536	25
60	65536	67
57	16384	59
45	65536	55
15	262144	20	22	28	40
54	16384	55	60
53	262144	57
42	262144	45
11	65536	15
52	16384	53
28	65536	37	42	50
7	262144	15	24
49	262144	53
2	16384	18	28	60
24	65536	25
18	262144	19	34
48	65536	49
25	262144	27
19	262144	21	46
47	16384	49	56
27	65536	31
10	262144	19
46	16384	47
31	16384	33
21	65536	27
56	65536	59
23	65536	31
4	65536	21	26	52
59	16384	61
22	16384	23
