node	size	children
3	16384	19	32	34
19	262144	35
15	65536	19	66
66	65536	77	84
23	262144	25	30	66
17	65536	23	70
5	16384	17
8	65536	17
70	16384	71
7	65536	23	70
71	262144	73
69	262144	71
67	65536	69
65	65536	67
64	65536	65	82
30	262144	33	64
33	65536	35
29	16384	33
27	16384	29
13	16384	27	54
54	262144	59
12	65536	21	54	62
21	16384	26
14	65536	21	60
60	16384	61
10	262144	20	44	60	76
20	262144	22	44	58
6	16384	20
22	65536	25	36	72
18	262144	22	46
2	65536	18
0	262144	18	42
42	65536	43	52
16	16384	26	42
26	262144	31	40	68
31	262144	37	52
25	16384	31	34
34	65536	43	78
43	262144	47	48	62
47	262144	53
55	16384	57
44	65536	47
51	65536	55	56
53	262144	55
50	262144	53	64
48	262144	51
45	65536	50
56	16384	59
11	16384	28	56
38	16384	45
59	262144	61
35	65536	37	38	40
61	16384	63
37	16384	39
39	16384	41
63	16384	67
36	262144	39	58
40	16384	45
58	262144	65
4	262144	27	38
62	16384	69
41	16384	49
32	65536	41
49	65536	51
46	16384	49	76
28	262144	29	46
24	65536	28	72
1	262144	24
9	262144	24	74
74	262144	75
75	262144	81
73	65536	75
72	262144	73
81	65536	85
77	65536	81	84
76	65536	77
84	16384	85
85	16384	87
87	262144	
86	16384	87
83	262144	86
82	16384	83
79	262144	83
78	262144	79
68	65536	79
80	65536	86
52	262144	57	80
57	65536	63
