node	size	children
23	16384	28
21	16384	22
39	16384	40
6	16384	9	21
9	65536	10	29
36	262144	39
4	65536	9
10	16384	12	19	35
35	65536	36
3	65536	10	31
40	16384	
31	16384	36
38	16384	40
27	262144	29	31
37	65536	38
19	262144	20	27
33	262144	38
20	65536	23	33
16	16384	18
18	16384	20	33
13	262144	16
14	65536	18	23
15	16384	16
2	16384	14
12	16384	14	25	37
1	16384	8	13	15
8	65536	11
0	262144	12
7	262144	8	24
25	16384	34
24	65536	26
34	65536	39
26	65536	32	35
32	65536	34
17	262144	26
30	16384	32
5	16384	11	17	21	27
11	262144	22
29	65536	30
22	16384	28
28	16384	30
