node	size	children
18	16384	21	40	50
58	65536	59
1	16384	18	30	58
30	262144	31	46
64	262144	79
31	16384	36
3	65536	33
79	16384	81
19	16384	31	34
33	16384	35
78	65536	79
6	262144	19
28	16384	33
7	16384	19
81	65536	87
25	262144	28	46	68
34	262144	39
87	65536	89
12	65536	18	34
22	16384	25	32	52
89	65536	
39	262144	49
17	16384	22	60
88	16384	89
38	16384	39	70
4	262144	17	44	48	70	74
44	65536	45	56
82	65536	88
9	262144	23	32	38
2	262144	24
45	16384	47
32	262144	37
62	65536	65
42	16384	45
37	16384	41	80
72	65536	73
0	16384	20	42
36	262144	37
20	65536	21	40
74	65536	77
41	65536	43
8	16384	20	86
10	262144	17
40	65536	41
86	65536	88
13	262144	22
43	262144	47
84	65536	85	86
15	65536	25
14	65536	28	84
35	262144	43
47	16384	51
85	65536	87
83	16384	85
80	65536	83
77	65536	83
46	262144	57	80
75	16384	77
57	65536	63
55	65536	57
73	262144	75
63	262144	67
71	65536	73
56	65536	63
65	16384	71
53	65536	55	65
67	262144	69
52	16384	53
66	16384	67
51	16384	53
69	16384	71
50	16384	51	66
68	65536	69
16	65536	27	50
70	65536	75
27	262144	29
49	65536	59
26	16384	27	30	36	72	78
48	65536	49	58
23	65536	26
24	65536	26	48	62
11	16384	23	54
5	65536	24	76
76	65536	81
54	16384	55
60	65536	61	76
29	262144	35	38	54	56	82
21	65536	29
61	262144	64
59	16384	61
