node	size	children
68	65536	70
53	16384	54
29	65536	38	45	63
43	262144	44
67	262144	68
38	16384	48
9	16384	17	53
42	262144	44	52
17	262144	19	37	43
65	262144	68
48	65536	51
40	262144	42
12	262144	17
37	262144	42	65
45	262144	48
34	16384	38	40
19	65536	26
72	65536	
51	16384	58
33	65536	34	49	59
6	16384	19	35
69	65536	72
58	65536	60
35	65536	36	55	57	61
28	65536	33
63	65536	69
36	262144	39	52
52	262144	58
26	16384	28
13	262144	16
60	262144	62
32	65536	36	39	41
25	65536	26	45	49
41	65536	46
56	65536	60
30	16384	32
21	16384	22	25	37
39	16384	41
49	262144	56
22	65536	30	59
4	65536	21
3	262144	14
16	65536	21
54	262144	56
20	65536	22
2	65536	20
11	16384	16	27	51
50	262144	54
18	262144	20
27	65536	30	31	67
14	16384	18
47	16384	50
5	16384	23	27	29
62	65536	64
1	65536	14	55
23	16384	24	25	31
55	16384	66
59	16384	62
10	262144	23
66	16384	69
64	262144	70
24	65536	28	33
61	65536	66
0	262144	15	47
57	65536	64
8	262144	24
15	16384	18	35	43
46	262144	50	61
31	16384	32
70	262144	72
7	16384	15	53
44	262144	46
