node	size	children
1	262144	23	42	46
23	65536	33
22	16384	23	32
10	262144	22	56
56	65536	61
47	65536	49	50	56	66
46	65536	47
36	65536	39	46	60	62
31	16384	39
2	262144	18	30
30	262144	31
17	16384	20	36
39	262144	43
6	65536	17	38
12	65536	22	30	36	70
38	16384	41	44
16	16384	28	48
70	262144	75
8	16384	19	38
75	262144	79
19	16384	31
3	262144	21
73	16384	75
0	262144	19	40
13	262144	26
40	65536	45
71	65536	73	84
7	16384	17
45	65536	47	54	78
68	262144	71
43	16384	45	68	80	82
67	65536	71
37	16384	43
66	65536	67
32	65536	37	42	50
28	262144	29	32
59	65536	67
26	16384	28
53	262144	59
42	262144	53	82
24	16384	26	80
82	16384	83
21	65536	24
83	65536	85
15	262144	21	44
44	16384	49
80	262144	83
85	16384	87
49	262144	55
55	16384	57
81	262144	85
78	262144	81
54	262144	55
11	16384	25	54
60	65536	61	78
61	262144	69
25	65536	27	66
69	65536	73
4	65536	25	52	62	70
52	262144	57
65	65536	69
50	65536	52	58
63	16384	65
58	65536	59
57	262144	63
35	65536	37	58	74
62	16384	63
33	65536	35
64	262144	65
29	262144	33	64
9	65536	35	64
27	262144	29	34
77	16384	81
76	262144	77
20	65536	27
74	262144	77
5	262144	20
34	262144	41
87	16384	
41	262144	51
86	16384	87
51	65536	53
84	16384	86
48	16384	51	60	72	76
79	262144	86
14	65536	18	48
72	16384	79
18	262144	24	68
