node	size	children
35	65536	36
26	16384	28
29	65536	30	35
24	16384	26
3	65536	12
21	16384	24	29
23	16384	24
12	262144	20	21	31
20	262144	23
10	65536	12
28	65536	32
7	262144	10	17	18
25	16384	28
17	262144	20	33
11	16384	14	25
15	65536	17	18
2	262144	11	13	25
1	262144	8	15
13	16384	16
8	262144	11	13	15	19
4	16384	8	37
16	65536	34
37	65536	38
14	262144	16	21	27
38	16384	40
6	262144	14
34	262144	38
39	16384	41
32	16384	34
5	262144	9	35
40	65536	42
30	262144	32
41	16384	42
36	65536	41
27	65536	30
31	65536	36
19	16384	22	23	27	29
42	16384	
22	65536	26	39
0	16384	9
18	262144	22
9	65536	10
33	65536	40
