node	size	children
72	262144	73
21	65536	27	28
4	65536	20	56
44	16384	45	50
20	16384	24	26	42
73	262144	76
10	65536	21	55	58
54	65536	61
6	16384	20
55	16384	57	66
70	16384	73
46	16384	49	54
24	16384	25	34
45	16384	51	70
57	65536	65
13	65536	24	32	70
49	16384	53
43	16384	45	68
53	262144	57
48	262144	54
32	65536	37
41	16384	43
52	16384	53
37	262144	39
65	65536	67
40	65536	41
31	262144	35	52
64	262144	65
35	16384	37
12	262144	17	40
25	262144	31
39	65536	47
66	16384	69
17	262144	25
68	65536	71
74	262144	75
34	262144	39	60
8	16384	17	30	32	44
71	16384	76
11	65536	21	74
60	16384	71
30	65536	33
76	262144	77
47	16384	49	60
26	16384	27
33	16384	35
77	65536	
42	65536	47
27	65536	31
29	262144	33	48	62
75	16384	77
3	16384	16	56
16	262144	19	28	42
15	16384	29	52
58	262144	59
56	262144	59
69	65536	75
1	262144	22	55
9	16384	16	38
0	262144	15	62	68
38	262144	43	46
7	16384	15
22	16384	23
62	16384	63	64	74
28	16384	36
67	262144	69
2	16384	18	38
19	16384	22
61	262144	67
18	65536	23	26
63	16384	66
5	262144	19	36	48
51	65536	61
59	65536	63
14	16384	18
36	65536	41	50
50	16384	51
23	262144	29	72
