node	size	children
65	262144	70
21	262144	25	35
41	16384	47
78	65536	81
59	262144	65
16	262144	21	29	43
40	65536	42	47
76	262144	78
43	16384	59
2	262144	16
39	262144	40
73	16384	76
12	65536	16	51
37	16384	43	57
38	262144	40
69	16384	76
51	65536	52
57	16384	58	69
36	262144	38
81	16384	82
52	16384	54
58	262144	62
35	262144	36	44
79	16384	81
50	16384	52
56	16384	58	67	73
22	65536	25	35
72	65536	74	79
48	16384	50	67
49	65536	56
9	65536	22
68	262144	72	79
6	65536	22
5	16384	24	49
42	65536	48
44	65536	46	53
24	16384	27	61	73
66	65536	68
33	262144	42
46	16384	50	63
23	262144	24
62	262144	66
8	16384	30	33
30	262144	32
18	16384	23	55
61	262144	62
45	65536	46	53
28	262144	30	65
55	65536	66
0	16384	19	69
53	65536	54
19	262144	21
29	65536	34
26	65536	28
3	16384	18	29	39
15	262144	17	55
54	262144	56
17	65536	19
34	16384	36
13	262144	26	77
82	262144	
63	16384	64
20	262144	34	41	75
14	262144	17	31	37
77	65536	80
32	262144	38
64	16384	68
31	262144	32
10	262144	20	71
80	262144	82
47	262144	48	71
1	16384	20
60	65536	64
27	16384	28	31	45
71	16384	72
74	16384	80
7	16384	23
67	16384	70
11	16384	18	60	75
25	65536	27
70	16384	74
4	16384	26
75	262144	78
