node	size	children
26	65536	28	58	66
15	262144	26	44
44	65536	49
21	65536	27	32	44
2	65536	21
20	262144	21
7	65536	20
14	262144	20	68
68	262144	73
73	65536	79	80
71	65536	73
70	65536	71
67	262144	70
65	16384	67	74
59	65536	65
49	262144	59
47	16384	49
37	16384	47
32	16384	37
18	16384	37
8	65536	18	76
76	65536	77
77	262144	79
72	65536	77
5	262144	22	72
79	262144	81
0	262144	23
23	16384	26	46
81	16384	83
17	262144	23
78	16384	81
1	16384	17	40	56
50	65536	57	78
40	262144	41
13	262144	17	30	36	38	50	52
22	262144	25	40
12	262144	22	42	60
30	16384	33	34	52
33	262144	35
42	65536	53	72
19	16384	25	42
31	16384	33	54
9	262144	19	48	58
48	16384	51	66
29	65536	31	54
51	65536	55	86
27	65536	29
46	16384	51
24	65536	27	38
4	65536	24
6	65536	28	32	46	76
28	16384	31	34	68
16	262144	24	64
64	16384	69	70
69	262144	75
66	16384	69
75	262144	85
74	16384	75
85	65536	87
83	16384	85
82	16384	83
43	16384	45	82
41	262144	43
25	262144	41
39	262144	43
36	262144	39
3	65536	29	36
38	16384	39	50
45	262144	47
35	16384	45	56
34	262144	35
56	65536	57	60	62
57	262144	59
60	65536	63
63	262144	67
62	16384	63
80	262144	82
87	65536	
86	16384	87
54	65536	65
52	262144	53
53	262144	55
55	65536	61
61	16384	71
58	262144	61
11	16384	18
10	65536	19
