node	size	children
45	65536	49	56
17	262144	25
75	65536	
30	65536	34	68
41	65536	45	54
16	262144	17
73	16384	75
34	65536	35
38	65536	41
10	262144	16
71	262144	73
18	262144	26	34	64
37	16384	41
8	65536	16	32
70	262144	71
9	262144	18	66
32	16384	33	38
66	262144	67
36	65536	37
44	262144	49
6	262144	15	32	60
54	65536	55
67	16384	71
15	262144	19	48	57
58	262144	59
56	65536	69
61	65536	67
5	65536	15
60	262144	61
19	262144	24
59	16384	61
69	65536	74
14	65536	17
13	262144	19
57	65536	59
65	16384	69
26	262144	27
24	65536	25	48
55	16384	57
64	262144	65
29	16384	31
11	16384	24	42
47	65536	51	64
51	16384	55
0	16384	21	29
42	16384	43
40	16384	47
50	262144	51
1	262144	20
43	65536	45
46	65536	47
12	262144	18	50
4	262144	22	30
22	65536	23	36	38	58	70	72
63	65536	65
35	262144	39	40	50	72
39	65536	43	60
7	262144	22
48	16384	63
3	262144	20	68
23	65536	37
28	16384	39	44
33	16384	35
2	262144	28	52
62	65536	63
31	262144	33	36	62
52	65536	53	58
21	262144	23	30
27	65536	31
74	16384	75
53	65536	56
20	16384	21	46
72	262144	74
25	65536	27
49	65536	53
68	16384	73
