node	size	children
4	262144	22
20	16384	23
41	262144	46
2	65536	17
26	65536	28	35	45
15	262144	17	33
7	16384	14	48
67	65536	71
24	262144	26
5	262144	15	37
65	65536	66
37	65536	38
71	262144	72
35	16384	36	41
61	16384	62	65
68	16384	71
23	65536	24	37
36	65536	38	69
19	262144	21	29	51
72	65536	
1	65536	23	31
66	262144	68
38	262144	42
70	262144	72
31	16384	32
64	16384	66
42	65536	46
69	65536	70
32	16384	35
63	16384	64
34	16384	42	55
55	65536	70
30	65536	32	55
62	65536	64
0	16384	34
29	262144	34	39
27	16384	30
60	262144	62
28	16384	30
17	262144	19	27	47
12	262144	15
14	262144	20	29	63
25	16384	28
59	262144	60
9	65536	14	33	40
3	262144	16	25	57
58	262144	60	61
33	65536	39
16	262144	19	36	61	67
57	16384	58
39	262144	43
13	262144	16	51
56	16384	58
43	16384	44	57
51	65536	54
11	16384	18
52	262144	56	65
44	262144	49
54	65536	68
18	65536	21
47	262144	52
40	65536	44
53	262144	54	59
6	65536	18
45	65536	47
21	262144	24	63
10	262144	22	25	40	53	59
49	65536	50
48	65536	52
50	262144	56	69
22	65536	26
8	65536	20	48
46	262144	50	67
