node	size	children
15	16384	21	67	71
74	262144	79
27	262144	28	35
69	65536	70
43	16384	48	49
67	16384	70
16	16384	27
71	65536	74
48	262144	54
3	16384	20	67
9	16384	16
76	262144	79
54	262144	56	65
6	65536	16	32
20	262144	23	35
49	262144	50	57
32	262144	38
75	262144	76
11	65536	20
56	16384	58
38	262144	42	61
72	16384	76
46	262144	56
23	262144	25	63
70	65536	74
37	16384	38
66	65536	72
42	262144	46
14	16384	23
12	16384	24	37
68	16384	72
39	262144	42
25	262144	26
53	16384	68
24	16384	27	55
26	262144	31	32	43	69
13	16384	21	39
55	65536	60
65	16384	68
4	16384	26	63
17	65536	18	39
63	65536	64
44	262144	46
45	262144	48	55	73
10	65536	17
64	16384	66
40	16384	45	47	65
41	262144	44
61	16384	64
1	16384	17	73
33	16384	40	59	69
5	262144	28	41
73	65536	78
36	16384	44
52	262144	54	61
59	262144	62
78	65536	80
30	65536	36
51	262144	52
62	16384	66
77	262144	78
7	16384	30
8	16384	19	29
18	262144	24	51	75
29	16384	30	47
19	16384	22	29	33	49	51
80	16384	
60	262144	62
2	262144	18	31	77
0	16384	19
47	262144	50
79	262144	80
31	65536	34
22	65536	25	33
58	16384	60
50	65536	52
57	262144	58
34	262144	36	53
21	65536	22
35	16384	40
28	262144	34	45
