node	size	children
46	16384	47	48
32	65536	33	34	42
16	65536	22	52
47	262144	54
30	65536	31	32
10	262144	16
54	262144	55
21	65536	23	30
3	65536	16
52	262144	53
49	65536	54
14	65536	21
43	65536	47	52
9	16384	14
48	65536	49
18	16384	21	28	30
40	262144	43
55	262144	
28	65536	35	42
5	16384	13	40
53	65536	55
13	16384	19	26
15	16384	17	20	28
23	16384	25
2	262144	13
1	262144	15	20
19	16384	24
20	16384	29
44	16384	45
17	65536	19	38
29	262144	49
42	65536	45
4	16384	17
25	65536	29	44
38	262144	39
8	262144	12	25
24	65536	27	38
12	262144	15
0	16384	11	18	36
27	262144	31
6	65536	12	34
11	65536	14
34	65536	35
26	65536	27
7	65536	11	50
35	65536	37	46
31	16384	33
50	16384	51
37	262144	39	40
51	16384	53
33	262144	41	46
36	16384	37
41	65536	43
45	16384	51
22	65536	23	36
39	16384	41
