node	size	children
21	65536	24
30	65536	32
63	65536	64
8	262144	16	21
28	65536	30
64	262144	
16	65536	18	25
27	16384	30	43
62	65536	64
14	262144	16
4	262144	15	43	45
43	65536	44	45
0	16384	14
54	262144	56
15	262144	18	21
5	65536	14	59
44	16384	62
59	65536	60
51	16384	54
3	16384	15	47	51
39	262144	44
47	16384	48
60	262144	63
40	262144	46
9	65536	19	39	55
19	65536	22	47
38	16384	40
56	16384	60
55	65536	58
17	65536	19
29	262144	38
53	262144	56
58	65536	62
10	65536	17	35
37	16384	40
57	262144	58
22	262144	26	53
35	65536	36
46	65536	48	57
18	65536	22
36	65536	38
45	65536	46	49
26	65536	32
31	65536	36	51	53
49	16384	52	57
25	16384	26	29	37
23	16384	29	31
52	16384	54	61
7	65536	13	25	41
2	65536	20	23
13	16384	17
50	262144	52	61
20	262144	24
1	16384	13	33
12	262144	20
33	65536	34	49
48	16384	50
42	65536	50
34	65536	42
11	262144	12
41	262144	42
32	262144	34
24	262144	27	28	41
6	65536	12
61	65536	63
