node	size	children
22	16384	25
25	262144	29
23	262144	25
19	262144	23	24	32
6	65536	9	21
9	16384	15	18
14	262144	19
7	65536	9	14	28
18	16384	19
5	262144	7	16	28
16	16384	17
2	65536	7	18	26
26	65536	34
1	16384	8	10	16	20
8	16384	10	14
34	16384	35
4	16384	8
10	65536	11	12
28	16384	34
11	262144	17
35	65536	
0	65536	11
33	16384	35
17	65536	20
31	65536	33
20	16384	27
29	262144	31
27	262144	29
30	65536	31	32
24	16384	27
21	262144	23	30
3	262144	13	24
13	262144	15	26
32	16384	33
12	262144	13
15	262144	22
