node	size	children
50	16384	55
3	16384	15
37	65536	39
0	262144	14	30	38
43	16384	45
4	262144	16	50
14	262144	21	22	60
39	16384	42
57	262144	59	62
1	65536	14
42	16384	51
53	16384	57
21	16384	25
24	262144	27	42
25	65536	29	38	54
48	65536	53
20	16384	23	24	36
5	16384	25	30
40	65536	47	48
29	65536	39
15	16384	20
35	65536	40	58
27	65536	29
8	65536	15	26	43
32	16384	35	54
26	262144	35
23	16384	27	34
9	262144	18	32
18	262144	20	26
54	16384	59
22	16384	23	52	56
7	16384	18	46
59	65536	61
52	16384	63
46	65536	49	58	60
11	65536	13	43
61	16384	65
63	16384	66
49	262144	53
13	16384	17
56	16384	63
58	16384	61
47	65536	49
10	65536	13
65	16384	67
66	262144	67
45	16384	47
17	262144	21
62	16384	65
64	16384	66
41	262144	45
16	16384	17
60	262144	62
33	262144	37	64
38	262144	41	44
12	65536	16	28
67	262144	
19	65536	33	34	46
44	262144	51
28	65536	31
6	65536	19	64
36	16384	41
51	16384	55
2	262144	19
31	16384	33	36
34	262144	37
55	65536	57
30	65536	31	40	44
