node	size	children
47	65536	48
16	65536	24
28	65536	30	33	51
14	65536	16	29	35
50	16384	52
27	16384	28
52	262144	
12	16384	14
25	16384	28
6	65536	12
51	262144	52
33	65536	34
3	262144	12
1	65536	15	51
13	16384	14	23
34	16384	36
35	262144	40
11	65536	13	39
36	262144	38
37	65536	42
8	262144	11	17	25	37
24	65536	36
17	262144	20	29
41	65536	44
21	262144	24
4	65536	13	17
29	16384	30
20	262144	22	25	45
38	16384	49
18	16384	20	21	27
7	16384	11
49	65536	50
15	65536	18	47
44	262144	49
2	16384	15	19	23	27	37
42	65536	44
19	262144	22	35
40	262144	42
22	262144	26
39	16384	40	45
26	65536	32	41
45	65536	46
23	262144	26
0	16384	10
10	262144	18	47
46	262144	48
32	65536	34
5	262144	10	31
43	16384	46
31	65536	38
30	262144	32
48	16384	50
9	16384	16	31	43
