node	size	children
12	16384	14	15	25	27
32	262144	41
25	65536	26
31	16384	32
26	65536	28	31
20	262144	32
24	65536	26	37
19	262144	20
4	65536	24
18	262144	20
37	65536	40
3	16384	9
39	65536	41
9	65536	10	31	35
40	262144	42
2	262144	9	23	39
23	262144	24
38	65536	40
7	65536	11
17	262144	18	23
35	65536	38
10	16384	12	17	19
36	16384	38
8	16384	10
29	16384	36
1	262144	8	21
21	16384	22	29
0	65536	16	29
34	65536	36
5	65536	8	21
22	16384	30	39
33	16384	34
16	16384	22	27	37
30	16384	34
15	65536	16
28	262144	30
11	262144	12	15	17	25
27	262144	28
6	65536	11	13
42	16384	
13	65536	14
41	16384	42
14	65536	18	33
