node	size	children
1	16384	7	24
7	262144	10	12	20	29
30	16384	31
0	16384	7	18	30
18	262144	19
33	65536	35
19	65536	21
27	262144	33
16	262144	19	24
24	262144	27
9	16384	11	16
13	65536	27
6	65536	9	15
15	16384	17
12	65536	13
2	16384	15
5	262144	13
17	262144	21	32
35	65536	37
14	16384	17
34	262144	35
11	65536	14
32	65536	34
10	16384	11	20
29	16384	34
3	16384	8	10	29
37	65536	
8	16384	9
4	16384	8	23	30
25	16384	37
23	65536	25
21	65536	25
22	65536	23	26
20	16384	22	28
28	16384	31
26	65536	28
31	262144	33
