node	size	children
25	16384	26	29
11	16384	18	31
27	262144	34
51	16384	52	77
76	16384	78
23	16384	25	67
18	262144	25
22	65536	27	35	43
80	262144	82
75	65536	76
7	65536	23	79
12	65536	22	53
17	65536	18	75
72	262144	80
79	16384	81
4	262144	22
53	65536	58
15	262144	17	69
28	16384	30
70	262144	72
81	16384	82
49	262144	53
69	65536	70
67	16384	70
0	65536	28
3	65536	28
78	65536	81
47	65536	50	69
14	16384	19	29
58	65536	62
71	65536	72
74	16384	78
57	262144	58	59
24	65536	27	47
65	262144	74
68	65536	71
10	16384	24
59	65536	60
54	16384	65
66	65536	68
20	65536	24
60	262144	74
64	262144	68
30	262144	32	54
13	65536	20	33	35	45
56	262144	60	61
26	262144	30	39	49
62	16384	64
8	16384	16	77
52	16384	56	66
33	16384	37	51	54	59
61	262144	62
2	262144	26	41
41	262144	48	75
50	262144	52
9	65536	17	33
55	16384	56	61
37	65536	44
39	16384	41
46	16384	50
63	262144	64
19	16384	20	37	55
48	262144	57
45	16384	46
82	65536	
5	262144	19	38	79
44	262144	48	63
21	16384	23	45
38	65536	40
42	262144	46
43	16384	44
40	262144	42
6	262144	21
36	16384	42	73
16	16384	21
34	16384	36	43	49
32	262144	40	47
35	16384	36
1	262144	16
31	65536	34
29	262144	32	71
73	16384	76
77	16384	80
