node	size	children
36	262144	37	40	50	78
40	65536	41
17	16384	32	34	36
3	65536	19
16	262144	17	46	66
46	65536	47
47	65536	59	64
41	16384	47
39	262144	41
34	262144	39	74
26	16384	28	34	58
1	65536	26	60
60	65536	61
61	262144	69
54	262144	61
20	262144	21	54
4	262144	20
8	65536	20
21	262144	23	49
11	262144	21
49	262144	55
55	65536	57	74
51	65536	55
45	16384	51
43	65536	45
37	262144	43	56
27	65536	37	76
25	262144	27	58
10	16384	25	62
62	16384	63	82
58	65536	62
63	262144	67
0	262144	18
18	16384	22	52
59	262144	63	72	76
15	16384	18
57	16384	59
56	65536	57
22	16384	26
19	65536	22
24	262144	27	56	72
5	65536	24
13	16384	19	30	68
14	65536	24
30	262144	33	44
72	262144	79
23	65536	29	30	60
79	262144	83
7	16384	23	36	64
75	65536	79
74	16384	75
71	65536	75
66	262144	71	80
38	16384	39	42	66
6	262144	17	38	48
48	16384	51
44	65536	48
42	262144	45	52
52	65536	53
53	65536	65
50	16384	53
65	16384	67
64	65536	65	68
68	65536	71
67	65536	69	70
69	16384	73
73	65536	77	80
70	16384	73
77	16384	81
76	65536	77
81	65536	84
80	16384	81
84	65536	85
78	16384	84
85	65536	
83	65536	85
82	65536	83
32	16384	33	82
33	16384	35
35	16384	43
31	16384	35
29	16384	31
28	65536	29
9	65536	28
2	65536	31
12	262144	25
