node	size	children
52	16384	66
45	16384	48	53
5	65536	16	25	31	63
67	16384	68
16	262144	19
71	65536	72
50	262144	52	57
41	262144	52	67
10	65536	16
72	16384	
48	65536	50
38	16384	41
19	262144	23
40	65536	48	54
70	65536	72
37	262144	38	51
12	16384	19	47
7	262144	24	40
69	262144	70
51	16384	53
24	16384	26
47	65536	50
30	65536	34
36	65536	38	51
26	16384	28	45
21	262144	24	47
23	16384	30
34	16384	36
28	16384	30	45	55
6	65536	21
35	65536	36
32	65536	34	43
15	65536	21
27	262144	28	59	69
0	262144	15	39	42
43	262144	44
2	262144	20	27	54	61
1	262144	14	33
39	262144	41	43
9	16384	15
54	262144	57
44	65536	46
33	16384	39
57	262144	60
25	65536	44	67
68	262144	70
29	65536	32	33
60	16384	62
46	262144	49
4	16384	17	29
59	262144	60
42	262144	46
17	16384	22	25
13	262144	18	29	40
62	16384	64
3	65536	17
49	16384	58
22	65536	26
18	65536	23
53	65536	56
61	65536	62
58	16384	71
20	262144	22	27	37
64	65536	68
14	16384	18	35	69
56	262144	58
8	16384	20	65
11	65536	14	31
63	65536	64
65	262144	66
55	16384	56
31	16384	32	49
66	262144	71
