node	size	children
80	16384	83
46	16384	49
81	16384	83
49	16384	55
76	65536	81
48	262144	49
79	262144	81
55	65536	59	60	80
78	262144	79
53	65536	55	72
29	65536	33	78
72	65536	73
59	65536	63	78
73	16384	75
3	16384	26
26	262144	35
70	262144	79
71	262144	73	74
11	65536	19	30
21	262144	26	58
64	262144	71
9	262144	21
12	262144	24	64
30	262144	31
5	16384	21
58	262144	65
24	65536	31
31	16384	39
4	65536	24	52
39	16384	43
0	262144	17	48	58
52	16384	59	60
17	65536	28	44
43	262144	45	50
47	65536	52	62
2	16384	17	38
50	262144	51
38	16384	43
42	262144	47
10	262144	23
35	262144	38
41	65536	47
60	65536	61
33	65536	35	62	70
40	262144	41	54
27	262144	33	42	76
23	262144	29	40
25	262144	27	30
19	262144	23
20	262144	25	32	56
14	65536	19	68
16	16384	20	36
68	65536	69
36	65536	41	42
69	262144	77
28	16384	29	36
67	16384	69
8	65536	28	34
62	65536	67
34	262144	37
15	16384	25	34
65	65536	67
57	262144	65
37	262144	39
54	65536	57
32	16384	37	48
1	262144	22	32
56	16384	57
22	16384	27	68
77	16384	84
6	65536	22	66
66	262144	71
75	16384	77
63	262144	66	74
74	16384	75
61	65536	63	64
84	16384	85
51	262144	61
82	65536	84
45	262144	51	53
13	262144	18	82
44	262144	45	53	80
85	16384	
18	16384	20	44	46	76
83	16384	85
7	262144	18	46
