node	size	children
10	262144	16	49
60	262144	66
71	262144	78
7	65536	17
13	65536	34
52	16384	56	73
54	16384	60
19	16384	27
78	16384	80
37	262144	62
50	262144	52
17	16384	19
16	262144	19
53	16384	54
65	262144	78
5	262144	21	49
42	65536	50
31	65536	32
6	262144	16	39	45
0	262144	21	65
45	16384	46	51	53
39	262144	40
40	65536	42
80	262144	
46	16384	48
57	65536	58
8	262144	23	39	67
36	65536	40	63
79	16384	80
44	262144	46
23	262144	27	69
35	16384	36
76	65536	79
43	16384	44
18	65536	23	43
75	65536	76
24	262144	26	29	30	35
41	262144	44
15	65536	18	33	57	77
3	16384	18	75
20	262144	24
33	65536	38
48	65536	50
74	262144	76
1	262144	20
38	262144	42
73	262144	74
12	65536	20
51	65536	54	63
32	65536	38
77	262144	79
26	16384	29	41
63	65536	64	73
28	262144	32
68	65536	70
25	16384	26	37	53
64	262144	66
27	16384	28	47
67	262144	68
4	262144	25
61	65536	64
14	65536	25	55	61
47	262144	48
62	65536	68
66	16384	72
55	65536	56	71
2	262144	22	47	77
59	65536	62
72	65536	74
56	65536	58
22	262144	24
29	262144	30	59
70	262144	72
21	16384	22	31
58	262144	60
30	65536	34
69	65536	70	71	75
9	262144	17
49	65536	52	57	59
34	262144	36
11	262144	28	69
