node	size	children
11	16384	14	27
6	262144	8	13
2	262144	9	33	37
9	65536	10
14	65536	18
8	65536	11	13	21	33
5	16384	9
0	16384	8	15	19
15	16384	24	29
27	16384	37
37	65536	43
43	262144	44
24	16384	27	35
10	65536	14	15
1	262144	10	28
20	16384	24	35
44	65536	
28	65536	42
19	65536	20
42	65536	44
35	16384	36
41	16384	42
36	262144	38
13	16384	16	25	41
34	262144	36	39
16	65536	22
32	262144	34
12	16384	16	23	31
30	65536	32
7	262144	12
4	16384	12
29	16384	30
23	262144	26
25	65536	32
26	16384	30	41
31	65536	34
22	16384	26
39	65536	40
21	65536	22
40	65536	43
18	262144	20	21
38	65536	40
17	65536	18
33	262144	38
3	262144	11	17
