node	size	children
3	16384	23
58	65536	83
14	262144	17
38	65536	40	49	55
25	16384	27
55	262144	60
35	65536	36
53	16384	54
60	65536	62
10	65536	20	45	53
61	65536	64	67
79	16384	80
80	262144	83
74	16384	78
18	65536	21	29	79
76	16384	78
75	262144	76	79
68	262144	70
23	16384	25	37
27	262144	32
28	65536	30
34	262144	36
62	65536	64
6	262144	16	59
0	262144	19
66	65536	74	75	81
56	65536	58	77
54	16384	60
16	262144	26
78	262144	80
24	262144	26	33	35
70	262144	72
15	65536	21
81	262144	82
31	16384	32	39	43	49	63
49	65536	54
8	262144	18
30	65536	38
63	16384	65
33	65536	44
36	16384	38
67	16384	68
47	16384	52	67
37	65536	40
65	65536	68	73
12	262144	18	57	63
46	65536	50
11	16384	27
50	262144	56
13	16384	17	45
45	16384	46	61	77
32	16384	34	69	71
59	262144	62
39	16384	42
84	65536	
73	65536	76
64	262144	66
9	65536	28
40	262144	44
83	65536	84
42	65536	48
43	262144	46
44	16384	48	61
57	65536	58
71	65536	72
1	65536	16	51
77	65536	82
48	65536	50
2	65536	20
26	16384	28	31	51	73
7	262144	24	41	47	53	57
4	16384	34
22	16384	25
52	16384	56
21	262144	22
51	65536	52
20	16384	22
17	65536	19
29	262144	30	66
72	65536	74
5	262144	24	69
19	65536	23
69	65536	70	81
41	65536	42	47	59
82	65536	84
