node	size	children
58	65536	65	94
40	65536	41
94	65536	95
41	65536	45
95	262144	98
45	262144	55
93	16384	95
37	262144	45	54
90	262144	93
33	65536	37	46
88	65536	93
32	16384	33	76
98	65536	99
28	262144	32	42	66	72
91	262144	98
23	16384	28
11	65536	23	78
89	16384	91
85	65536	89
78	65536	79
63	16384	65	70	78
83	262144	85
62	16384	63
77	16384	83
59	16384	62	74	84
72	262144	77
19	262144	31	59	80	96
76	16384	77
13	16384	19	56
84	16384	85
56	65536	57	68
87	16384	89
86	16384	87
46	16384	47	50	56
47	65536	49
75	65536	87
50	16384	51
74	65536	75
99	65536	
0	262144	32	50
57	65536	61
97	262144	99
53	65536	57
96	262144	97
44	16384	53
92	262144	97
61	262144	67	74
16	65536	19	92
60	65536	61
70	16384	71
67	262144	69
31	262144	35
66	16384	67	68	94
9	65536	31
68	262144	69
35	262144	37
69	65536	73
55	262144	63
73	262144	75
54	262144	55
64	65536	73	80	90
18	16384	23
80	262144	81
14	16384	28	48
81	262144	91
42	16384	43
79	65536	81
71	262144	79	88
6	16384	21
65	65536	71
7	262144	27
10	262144	20
20	16384	24	42
2	65536	20	52
52	65536	58
49	262144	52
48	16384	49
5	262144	26	48
26	65536	33	54	59
24	16384	26
4	262144	24	38
38	16384	47	64	92
12	65536	25	38
25	16384	29
15	16384	25	82	84
82	16384	83	86	90
51	65536	53	82
43	16384	51
30	16384	43
17	65536	30
27	16384	30	60	62
21	65536	27
8	16384	21	34	44	66
34	65536	35
3	16384	22	34
22	16384	29	60
1	262144	22	36
36	65536	39
39	65536	41
29	16384	39	40
