node	size	children
60	16384	64
9	262144	23	36
48	16384	51
31	262144	37	60
23	16384	41
50	16384	51
30	16384	31	52
19	65536	23
24	262144	27
13	262144	19
37	16384	39	54
52	16384	53
5	16384	13
41	262144	43	52
55	16384	57
11	262144	13	26	32
44	262144	55
40	65536	41
26	16384	29	30
63	262144	65
4	262144	19	40
10	16384	16	26
43	16384	45	50
61	262144	63
29	65536	33	42	50
42	16384	43
53	262144	61
27	65536	29	38
45	65536	47
49	65536	53
25	65536	27
39	65536	45
46	262144	49
20	65536	25	48
3	16384	15
35	16384	39
34	65536	35	46
15	65536	17
18	262144	20
33	16384	35	58
47	65536	49	56
1	65536	15
8	16384	18
32	65536	33
17	262144	20
38	262144	47
0	65536	18	28
28	16384	30
12	262144	17	22
58	262144	59
56	65536	61
2	262144	14	28
22	16384	31
59	65536	63
14	262144	21	34	55	58
65	262144	
57	16384	59
16	65536	21	22	24
6	16384	14	62
21	65536	25
62	262144	64
7	65536	16	36	38	44
54	262144	57
36	65536	37
64	65536	65
51	65536	54
