node	size	children
33	16384	35
23	65536	31	44
32	65536	33
18	262144	23
41	16384	46
16	16384	18	26	32
37	262144	41
26	65536	27
1	262144	10	18	37
13	65536	15	26
6	16384	13	37
11	262144	13	22
46	262144	47
10	16384	11	24
36	65536	46
3	262144	10	40
22	16384	30	36	44
40	262144	42
30	16384	36
19	16384	25	40
44	262144	45
4	16384	19
25	65536	27
7	16384	12
45	65536	47
12	65536	17
24	65536	25	38
43	65536	45
5	65536	12
38	262144	39
17	16384	19
42	262144	43
31	65536	33	38
15	16384	17	22
39	65536	43
29	262144	31	42
27	65536	39
14	262144	15
28	16384	29	34
8	16384	9	14	16
47	16384	
9	16384	11
34	16384	35
0	262144	9	21	24
20	16384	29
21	16384	23	28
35	16384	41
2	262144	20
