node	size	children
38	262144	45	54
52	262144	53
68	262144	69
12	65536	18
45	65536	49
53	16384	55
62	65536	68
5	262144	18	46
43	16384	45
8	16384	17	52
47	65536	53
32	262144	33
46	65536	51
40	65536	43	58	64
1	262144	17	47	60
44	262144	46
6	262144	15	40
60	262144	63
58	65536	59
63	16384	65
10	16384	16	32	44	64
59	65536	61
16	65536	20	47
57	262144	63
54	262144	59
51	16384	57
7	65536	16	22	28	54
22	262144	25
61	65536	68
50	16384	51
25	16384	39
56	16384	61
35	16384	37	50
24	16384	25
48	262144	49	56
34	16384	35
0	65536	13
39	262144	41
13	65536	21
42	262144	48
55	262144	57
41	65536	43
3	65536	13
23	65536	29	42	52
49	65536	55
21	16384	23	24	62	66
37	262144	41
19	65536	23
65	65536	67
15	16384	21	24	26	32
33	16384	37
9	16384	19
64	65536	65
4	65536	19
14	262144	15	22	40
31	16384	33
29	16384	35
67	16384	69
2	16384	14	36	38
30	65536	31
27	262144	29	50
36	16384	39
66	16384	67
28	65536	30
17	65536	27	34
20	16384	27	36
11	16384	14	66
26	65536	31	38
18	16384	20
69	16384	
