node	size	children
15	262144	21	22	34
41	16384	46
42	262144	45
11	262144	15	28	40
39	16384	41
5	65536	11	17
38	65536	39	42
17	262144	23
25	16384	27	38
23	262144	25
27	16384	29
16	65536	23	30
19	65536	27
7	65536	16
30	262144	31
18	65536	19
31	16384	35
12	262144	19
22	65536	31	32
4	16384	12
6	262144	12
32	262144	43
29	16384	33
43	262144	45
28	16384	29
40	16384	43
33	16384	39
24	16384	25	40
26	262144	33
8	262144	10
10	65536	13	22
1	262144	9	24
21	65536	26	44
9	65536	11	36
0	65536	10	20
3	262144	9
44	16384	46
20	262144	21	28
36	262144	37
46	262144	47
13	16384	16	20	42
37	65536	41
47	262144	
2	262144	13	14	18	26
35	16384	37
14	16384	15	17
45	16384	47
34	16384	35
