node	size	children
28	262144	37
11	16384	14	26
33	16384	43
48	262144	53
2	262144	11	22
31	262144	33
8	65536	11	30
26	262144	35
6	65536	19	32
30	65536	31	52	54
58	262144	59
35	16384	41
12	65536	15	30	46
52	16384	58
41	262144	47
7	16384	12	44
59	16384	
44	16384	45
40	16384	41
57	65536	59
45	65536	51
47	16384	49
56	16384	57
39	16384	45
46	65536	47
1	16384	14
38	16384	39
27	16384	31
49	16384	57
9	16384	17
20	65536	27
29	16384	38
43	65536	49	54
17	16384	19
23	262144	28	29
42	262144	43
16	16384	17	20
22	262144	23
4	262144	16	25	46
54	65536	55
25	16384	27
15	262144	18	22
55	65536	58
0	16384	13	25	40
3	262144	15	24	36
13	16384	21
53	16384	55
24	16384	26
10	16384	13
51	65536	53
18	65536	24	34	42
21	16384	23	48
50	65536	51
5	262144	12	18
34	16384	35
19	65536	21	40	56
37	16384	39	50
14	65536	16	34	48
36	16384	37
32	16384	33
