node	size	children
36	65536	37	44	68
41	262144	45
46	65536	47	52
70	65536	71	72
22	262144	27	36
40	16384	41	56	58
47	262144	49
52	16384	55	70
1	262144	22	32	38	72
56	262144	67
39	262144	47
32	16384	43
55	16384	63
67	262144	69
12	65536	25	39	54
6	262144	17	32
66	262144	70
43	16384	53
63	262144	67
54	16384	55
72	262144	74
42	262144	43
62	65536	63
50	262144	51	54
74	65536	75
8	16384	21	36	42	62
37	65536	41	60	62
51	262144	57
21	16384	24
65	16384	74
33	16384	37
9	262144	21	34	42	48
44	65536	51
64	262144	65
34	262144	35
29	65536	33	46
57	16384	59
60	16384	65
31	16384	34	58
27	262144	29	30
53	16384	57
75	262144	
25	65536	31
24	65536	27
48	16384	53
5	16384	33
23	16384	25	40
7	16384	16
19	262144	24	30
59	262144	61
10	262144	23
16	65536	23	28	56
15	65536	19
49	262144	59
11	262144	16	26	50
4	65536	15
61	16384	73
3	16384	20	39
13	262144	15
26	65536	35	46	64
20	16384	22	28	44
58	16384	61
18	65536	19
35	65536	38
17	262144	20	66
73	65536	75
0	262144	18
38	262144	45	52
2	16384	18
14	262144	17	68
71	65536	73
30	65536	31
45	16384	49
68	65536	69
69	65536	71
28	262144	29
