node	size	children
39	65536	56
46	16384	48
23	16384	24
37	262144	39
48	262144	50
0	262144	18	35	37
30	65536	32
18	262144	20
47	65536	48
53	262144	59
29	16384	30
9	262144	18
17	65536	19	23	37	47
32	16384	36
20	65536	22
19	65536	32
36	16384	38
8	16384	20	43
43	65536	44
16	16384	19
34	16384	36	53
44	262144	46
15	262144	16	23
33	65536	34
40	16384	44
6	65536	15
31	65536	34	57
7	65536	15	21
38	16384	40	41
21	262144	24	31
57	16384	58
28	65536	38
11	65536	16	21	35
49	262144	52	57
22	65536	28
35	65536	42
52	65536	54
10	262144	22
42	16384	50
50	16384	52
27	65536	28	55
41	16384	42	55
54	262144	58
4	65536	13	27
55	16384	56
1	262144	12	25	41
13	262144	17	31
12	16384	14	25	27
58	65536	60
2	262144	13	51
3	65536	12
60	65536	
51	65536	54
25	16384	26
59	65536	60
14	65536	17	29	33	51
26	65536	30	49
56	65536	59
5	65536	14	45
24	65536	26	47
45	65536	46
