node	size	children
42	65536	43
28	65536	29
32	16384	35	42
31	65536	33
2	65536	12	22
5	262144	13	32	34
30	262144	31
12	16384	16	24
34	262144	37
24	16384	25	30	32	42
37	16384	39
1	65536	12
16	16384	17
25	65536	33	46
35	16384	37
13	262144	16
23	65536	25
33	65536	35
6	262144	13	20
21	65536	23	40	44
20	16384	27
39	16384	54
15	16384	21	38	44
4	262144	11	20
27	65536	39
11	262144	14	28	36	40
8	262144	15	50
54	262144	55
50	65536	53
7	65536	11	26
52	16384	54
26	16384	27
53	16384	55
22	262144	23	24	26
51	16384	53
0	65536	15	52
55	65536	
10	262144	18	22
48	65536	51
38	262144	43
18	262144	21
49	262144	51
41	16384	45
3	262144	14	18
47	16384	49
40	262144	41
14	262144	17	48
44	16384	47
36	65536	41
17	65536	19
45	16384	47
46	262144	49
19	65536	29
43	65536	45
9	65536	19
29	65536	31
