node	size	children
1	65536	14
21	65536	24	25
31	16384	36
47	16384	52
18	262144	20	21	27
46	262144	55
52	65536	58
16	16384	18
43	16384	46
50	16384	52
2	262144	16
25	16384	30	37	54	57
48	16384	50
13	16384	16	23
37	262144	42
44	262144	48
0	16384	13
6	16384	13
42	65536	44	45
54	16384	60
23	65536	24
40	65536	42
5	262144	15	23	33
60	65536	62
15	65536	20
62	65536	
38	65536	40
3	262144	15
61	16384	62
32	262144	38
20	65536	28
30	262144	32	49	59
28	65536	32
11	262144	12	47	53
58	16384	61
29	262144	30	51
27	65536	28
57	262144	58
51	262144	53
33	16384	34
59	65536	61
8	262144	19	27
10	262144	12	51
34	16384	38
19	262144	22
39	16384	40
53	262144	56
26	16384	34
7	16384	19
49	65536	50
22	262144	26	37
56	65536	60
24	65536	26
45	16384	48
17	65536	22	41	43
55	262144	56
4	262144	18	35
41	262144	44	45
35	262144	36
12	262144	17	29
9	65536	14	39	55
14	262144	17	21	31	33	59
36	262144	46
