node	size	children
38	65536	42	59
43	65536	46	69
54	65536	60	71
25	262144	27
37	16384	43	61
42	16384	47
7	262144	25
46	262144	54	75
27	262144	28	51
57	65536	62
61	16384	64
45	262144	46
28	262144	36
67	65536	70
40	262144	42	61
75	262144	76
26	16384	30
21	262144	28
39	262144	40	73
11	16384	19	67
76	262144	79
13	16384	21
73	16384	79
12	65536	25	33
74	262144	76
10	65536	22	38	48	69
19	262144	20
0	16384	21
66	65536	68	73
1	16384	19
68	16384	74
36	65536	44
80	65536	
22	262144	27	38
65	16384	66
35	65536	36	51
79	65536	80
20	262144	22	35
58	262144	68
55	262144	56	65
71	16384	74	77
34	16384	40
51	262144	52
18	65536	20
56	262144	58
77	262144	78
5	262144	18
8	65536	18	29	41
52	16384	58
29	16384	32	55
53	262144	56
78	262144	80
47	16384	52
32	65536	34
49	65536	53
72	262144	78
9	262144	17	45	47
59	16384	60
17	262144	23	48
30	16384	32	37	71
69	262144	72
41	262144	44	49
4	16384	17	31
24	16384	30	67
31	16384	34
70	65536	72
3	16384	24	41
44	262144	50	53	57
16	65536	24
64	16384	70
15	262144	23	31	39
2	65536	16
50	16384	54	59
23	16384	26
6	65536	16	33
62	16384	64
33	65536	37
48	262144	50	63
60	65536	62
63	65536	66
14	65536	26	43
