node	size	children
12	16384	22	23
32	16384	34
36	65536	40
2	16384	12	14	25
30	262144	32
14	16384	17
3	262144	11
27	262144	30
7	65536	8	14	33	35
8	65536	10	21
26	65536	30	37
0	262144	8	17	37
17	16384	19	25
25	65536	26
19	262144	24
22	65536	26
11	65536	13	15	19
21	16384	22	35
9	262144	11	39
35	16384	38
1	16384	9
5	65536	9
38	16384	41
39	262144	41
37	65536	38
16	262144	20	39
41	65536	42
10	65536	16	27
42	65536	
4	65536	10	18
18	65536	20
40	262144	42
20	262144	24	29
34	65536	40
24	65536	28
31	16384	34
28	262144	36
15	65536	16	31	33
23	16384	28	29
13	262144	15
33	16384	36
29	16384	32
6	16384	12	18	23
