node	size	children
28	65536	32
7	16384	19	59
39	262144	40	63	65	69
70	65536	72
59	65536	60
22	16384	28	33
10	16384	14	39
64	65536	70
60	262144	64
18	262144	22
40	65536	46
67	65536	70
52	262144	60
17	16384	18	41	73
37	16384	40
65	16384	67
47	65536	52
13	16384	17
46	262144	48
48	262144	50
2	262144	15	47	51	53
14	262144	17
44	262144	46	68
15	65536	20	65
43	65536	48
5	262144	14	55
19	16384	20
41	16384	44
9	262144	15
50	262144	54
55	262144	56
20	262144	24	31
36	262144	44
42	262144	50
56	16384	62
24	65536	28
35	65536	36
51	65536	56
3	65536	24	57
33	65536	34
6	65536	21	35
57	16384	58
62	16384	64
21	65536	22	45	63
49	262144	52
58	65536	66
61	262144	62
4	16384	21
45	262144	58
63	65536	66
54	65536	61
8	65536	16	37	45
66	65536	71
11	16384	23
16	16384	18	29	31
53	65536	54
71	262144	73
29	16384	38	53
12	65536	16	27
23	262144	26	43	67
68	262144	71
0	262144	23
27	65536	30	49
38	65536	41	68
26	262144	30	42
73	262144	74
34	262144	38
30	262144	32
25	262144	26	61
74	262144	
31	65536	34	69
32	262144	36
1	262144	19	25
72	65536	74
69	16384	72
