node	size	children
69	16384	70
13	65536	20	25
65	16384	66
36	262144	38
61	262144	69
28	16384	34	55
42	16384	44	65
20	16384	23	29
51	262144	52
43	262144	46	61
40	65536	42	61
23	65536	27	55
55	16384	56
46	65536	48
39	16384	40
17	65536	23
63	262144	64
41	262144	46	49
11	65536	17
33	65536	42
70	65536	
38	16384	40	41
7	65536	17
44	16384	54
27	262144	30	47
35	16384	38	59
6	262144	15
25	16384	28	33
66	65536	68
30	262144	32
59	16384	60
57	16384	66
29	16384	30
49	65536	50	57	59	63
68	65536	70
1	16384	14	29
50	65536	58
14	65536	19
64	16384	68
47	65536	50
4	262144	14
62	262144	64
19	16384	22	31
21	262144	26	47
60	262144	62	63
12	16384	19
8	65536	21	41
0	262144	18	27
56	65536	60
3	16384	21
18	65536	20
22	16384	24	35	43	49
26	16384	34
52	16384	56
10	65536	18	37
16	65536	22	39	53
24	16384	26
48	16384	52
37	262144	44	51
5	16384	16
9	262144	24	28
45	262144	48
15	262144	16	31
58	65536	62
34	16384	36	37	51
2	262144	15	67
31	65536	32	45
54	262144	58
67	65536	69
32	16384	36
53	65536	54	65
