node	size	children
82	65536	89
89	65536	93
88	65536	89
74	65536	75	88
93	65536	98
91	262144	93
85	16384	91
84	262144	85
60	65536	61
61	65536	67
56	262144	61
27	65536	31
40	262144	43
43	65536	45
80	16384	83
16	262144	19
15	16384	26
0	262144	21
21	262144	35
2	16384	21	44
44	262144	49
49	16384	51	52
46	65536	49	88
12	262144	25	36	46
41	16384	45	56
25	262144	27	34
39	16384	41	80
22	262144	25
13	65536	22	66
34	16384	39
66	65536	69	84
32	16384	39	40	84
3	16384	23	66
6	65536	32	68
23	262144	28
68	16384	71
4	262144	23	38	40
71	262144	79
38	65536	43
70	65536	71
14	16384	24	38	86
79	262144	85
24	262144	27
78	16384	79
5	65536	24	92
75	65536	78
92	262144	95
95	16384	97
64	16384	75
94	262144	95
58	16384	59	64
1	262144	22	94
47	16384	57	58
86	16384	87	94
42	16384	47
87	262144	91
31	65536	33	42	60
83	65536	87
29	262144	31	96
81	262144	83
20	65536	29
77	16384	81
9	65536	20	42	76
73	65536	77
76	65536	81
18	65536	20
67	65536	73
96	65536	97
65	262144	67
52	16384	65
97	16384	99
99	65536	
62	16384	65	74
98	65536	99
10	262144	37	48	62
90	262144	98
37	16384	41
59	262144	63	90
35	16384	37	64
57	262144	59
33	65536	35
51	16384	57	72
7	65536	33	36	56
36	65536	53	54
72	262144	73
11	65536	30	54	72	82
53	262144	55	58
48	65536	53	80
30	65536	32
26	16384	29	48	70
28	262144	30	62
8	65536	28
19	16384	26	46
54	16384	55	60
17	16384	19	50
55	16384	63
50	65536	51
63	262144	69	82
45	16384	47	50
69	16384	77
