node	size	children
27	262144	30
70	262144	72
73	65536	74
40	65536	42	71
35	262144	40	45
17	65536	19	27	33	43
64	262144	70
67	65536	73
16	262144	22	27	35
2	65536	17	65
63	65536	64
61	16384	64
65	16384	66
1	262144	16	51
53	16384	62	63
51	65536	56
25	262144	28	49
44	262144	52	65	69
56	262144	66
43	262144	53
49	16384	50
52	262144	58	59
55	262144	56
41	65536	43
50	65536	52	63
36	65536	38
62	262144	68
3	16384	14	55
48	262144	50
33	65536	36
14	16384	21
60	262144	62
47	65536	48
6	65536	17
8	262144	14	37
59	262144	60
37	16384	40
13	262144	16
42	65536	47
24	65536	30	59
28	65536	32	37
38	262144	42
26	262144	28
9	262144	24	54
10	65536	15	33	44
29	65536	38
54	16384	58
22	262144	26	31	35
15	262144	18
0	262144	23	29
58	65536	60
23	16384	24	25
21	65536	22	25	67
5	65536	15	57
68	65536	72
20	262144	23
57	65536	61
4	65536	21	31
66	262144	68
12	262144	20
19	65536	26	41	57
31	262144	34	71
34	65536	36
18	65536	20	69
72	262144	74
7	65536	19	39	44
39	262144	46
32	262144	34
11	262144	18	29
74	16384	
46	262144	48	54
30	262144	32
69	262144	70
45	16384	46
71	262144	73
