node	size	children
77	262144	81
57	65536	63
55	262144	57	76
76	16384	78
78	65536	82
0	65536	28	34	56	62	79
82	262144	85
28	16384	29	64
75	16384	82
26	16384	28
71	262144	75
15	16384	26
58	16384	71	80
17	262144	26	34	46	74
72	262144	75
11	262144	17
85	16384	
5	65536	17
34	16384	35
52	262144	57
35	65536	43
32	16384	35
48	16384	49
24	262144	25	32
3	16384	22
22	262144	24
6	65536	22	40	78
40	65536	41	66
41	65536	44
38	16384	41	48	60
7	16384	19	38
19	262144	27
14	262144	19
27	16384	31
10	65536	27	36
36	16384	43
16	16384	21	36
21	65536	24
4	262144	21	38
43	262144	45
45	262144	53
44	262144	45
53	16384	55	72
51	262144	53
49	16384	51
47	262144	49
46	65536	47
42	262144	47
20	262144	39	42
12	16384	20
13	65536	20	32	50	72
50	16384	55	66
29	16384	33	42	50	64
8	262144	29	56	58
56	262144	59	62
59	16384	61
54	16384	59
2	65536	18	54	58
18	65536	23	76
9	16384	18
23	16384	25	68
1	262144	23	30
30	65536	37
37	65536	39	52
33	262144	37
31	262144	33
25	262144	31
39	16384	51	79
79	262144	83
83	65536	85
81	16384	83
80	262144	81
70	16384	71	80
64	262144	65	70
65	262144	69
62	16384	65
69	16384	73
68	65536	69
73	16384	77
67	262144	73
66	65536	67	70
63	65536	67
61	262144	63
60	65536	61	74
74	65536	77
