node	size	children
35	262144	38
24	262144	26
34	65536	40
22	65536	24
31	65536	34
26	16384	28	39	41
46	65536	48
14	16384	26
9	262144	11	27
11	262144	16	43
41	65536	46
10	65536	14	35
48	262144	50
6	16384	11	17
3	16384	10	29
17	65536	18	22
29	65536	32
45	16384	48
5	16384	13	17	45
50	16384	
13	16384	15	31
32	262144	34
49	262144	50
7	16384	13
25	262144	32	33
15	65536	18	33	47
47	262144	49
33	262144	36
12	16384	15
44	262144	49
36	262144	42
8	16384	12
0	262144	12	19	31
43	65536	44
30	65536	36
19	16384	21
39	262144	44
28	16384	30
21	65536	23	37
1	16384	10
27	262144	28
18	262144	20	21	25
2	16384	14
42	65536	46
20	65536	30
40	262144	42
16	16384	20	22	39	45
38	16384	40
4	16384	16	23
23	65536	24
37	65536	38
