node	size	children
38	16384	40
81	16384	82
40	65536	44
84	16384	86
39	262144	40	71
83	16384	84
71	65536	74
53	262144	54	83
74	16384	78
54	16384	60	75
73	262144	74
51	262144	54
60	262144	64
5	65536	22	73
22	65536	27	77
58	65536	60	79	87
16	262144	22	61
57	65536	58	63
61	65536	62
63	16384	64
62	16384	68
64	262144	70	75
55	262144	62
70	65536	72
68	65536	70
72	16384	78
67	65536	68
69	262144	72
30	262144	32	67
78	16384	80
28	16384	30
80	16384	88
11	16384	28	43
76	262144	80
43	262144	48	51	81	85
66	16384	76
17	262144	23	43
65	16384	66
23	262144	24	51	57
75	65536	76
6	16384	23
24	16384	29	41
88	16384	90
9	65536	24
86	16384	88
29	65536	42
79	65536	86
3	65536	29
42	262144	50
90	65536	
41	262144	42
89	262144	90
85	65536	89
50	65536	56
49	65536	50
87	65536	89
45	262144	46
56	65536	58
48	65536	52
52	16384	56
46	65536	52	53
47	16384	48
44	16384	46
10	65536	30
36	16384	44	77
2	16384	31
35	16384	36
27	262144	28	35
77	16384	82
82	65536	84
0	16384	20	45	61	65	67
20	262144	26	55	79
8	16384	20	33
33	65536	38
4	262144	18	33
18	65536	21	69
13	16384	18
21	262144	27	49	57
14	262144	21	59
59	16384	66
12	65536	25	47	59
25	16384	26
7	65536	25
26	262144	34	37
34	262144	36	39
32	65536	34	65	83
31	262144	32	71
19	262144	31
1	65536	19
15	65536	19	37	39	49	81
37	16384	38
