node	size	children
2	262144	14
5	262144	16
52	16384	55
0	16384	14	39
10	16384	16
39	16384	41
7	16384	13	30	48
55	262144	59
13	65536	15
41	262144	43
54	262144	61
51	65536	55
61	65536	64
37	262144	41
1	262144	13	30	46
30	65536	33
50	262144	51
60	262144	61
21	262144	37
33	262144	37	60
11	65536	18	50
49	16384	53	60
19	262144	21
32	262144	33
59	65536	64
38	16384	49
15	16384	21
28	65536	31	32
64	65536	65
48	65536	49
12	65536	15	62
25	65536	27	28	39
65	262144	
53	16384	56
62	65536	63
9	16384	25
44	262144	53
24	65536	25	26	54	56
63	16384	65
18	65536	19	24	44
56	65536	57
58	262144	63
57	65536	59
47	16384	51	58
3	65536	18	36	42
36	65536	38
45	262144	57
42	16384	47
4	65536	20	36	50
8	16384	17
29	65536	31	42
35	16384	45
20	262144	22	34
34	65536	35
26	65536	29
6	65536	20
22	16384	23	40
27	16384	29	54
31	16384	35
43	65536	45
17	65536	19	22
23	16384	27
40	65536	43	46	52
16	65536	23
14	16384	17
46	65536	47
