node	size	children
28	65536	32
7	65536	10
9	262144	10
1	65536	9	15
37	262144	38
15	65536	22	29
42	262144	
3	65536	12	15	19	21
12	16384	17	39
40	65536	42
17	262144	34
39	262144	40
34	16384	36
36	65536	40
32	262144	34
33	16384	36
30	65536	32
25	65536	26	33
26	65536	30	31
29	262144	30
5	65536	8	18
22	65536	26	35
8	16384	11
0	16384	9	29
19	65536	20
4	16384	8
21	65536	22	35
11	16384	12	13	17
35	65536	41
6	16384	11	23
2	65536	14
23	16384	24	27
41	16384	42
24	262144	28
38	16384	41
20	16384	24
31	262144	38
18	16384	20
16	16384	27	31
14	65536	16	18	19	37
13	262144	16
10	262144	14	25	37
27	65536	28
