node	size	children
5	262144	12	39
21	65536	30
0	16384	14
45	65536	50
10	262144	18	21	37
29	16384	34	41	45
9	262144	10	49	51
49	65536	52
34	16384	40
4	16384	10	49
33	16384	34
52	16384	54
6	65536	15	27
15	262144	16	31
40	65536	44
51	16384	52
38	16384	40
13	16384	15
54	16384	
36	65536	38
3	65536	13
53	262144	54
2	65536	13
32	65536	36
16	262144	22
48	16384	53
31	65536	32	35
14	65536	16	19
46	262144	48
12	262144	14	23	27	29
35	65536	36
43	16384	46
7	262144	12	17	43
26	262144	38
24	65536	26	29	43
17	262144	24	31
23	262144	26
22	16384	24	47
8	16384	11	17
11	16384	18
44	16384	48
20	16384	22
42	16384	44
1	16384	11	25	33
19	65536	20
25	262144	28
41	16384	42
18	65536	20
28	65536	30	35	51
37	65536	42
47	16384	50
27	262144	28
39	16384	46
50	16384	53
30	16384	32	33
