node	size	children
42	65536	48
27	65536	36
57	65536	58
28	262144	30
41	65536	42
36	65536	38	49
12	65536	17	57
66	16384	68
17	65536	20	41
35	16384	36
63	262144	64
60	262144	66
14	16384	17	37
33	16384	34	35
70	65536	
59	65536	60
0	16384	14	25
34	16384	40	45
25	16384	46
68	16384	70
56	262144	60
32	65536	34	35
46	16384	52
67	65536	68
55	16384	56	65	67
31	262144	32	37	51	67
45	262144	46	47	59
52	262144	56
65	65536	69
4	262144	19	31	43
51	262144	52
47	16384	50
19	16384	28	59
69	262144	70
29	262144	30	47
7	16384	19	61
6	65536	23
64	65536	69
61	262144	62
1	262144	14
26	65536	28	29
62	262144	64
2	65536	21
3	262144	18	45	61	63
24	16384	26
58	65536	62
18	262144	22
23	16384	26	43
11	262144	18
50	16384	58
20	65536	23
22	65536	24
48	16384	50
13	65536	20	49	53	55
44	16384	48
21	16384	22	25
49	65536	54
9	65536	15	27
40	16384	44
16	65536	21
54	262144	66
5	16384	16
8	65536	15	39
38	262144	40
10	16384	16	39
15	16384	24	33
53	262144	54
37	16384	38
39	16384	42	65
30	16384	32	41	53
43	65536	44
