node	size	children
6	65536	17
25	262144	29	40
29	262144	33
23	65536	29
11	16384	23
2	16384	23
33	65536	35
32	16384	33	50	78	82
50	262144	55
40	65536	43	50
36	65536	40
43	65536	51
51	65536	53
53	65536	55
55	65536	59	64
59	65536	65
57	262144	59
56	16384	57	68
68	262144	71
64	16384	68
71	16384	73
70	16384	71
73	262144	75
69	16384	73
63	16384	69
62	65536	63
15	16384	20	62
61	262144	63
52	65536	61
48	262144	61
58	262144	69
75	262144	79
67	262144	75
65	262144	67
60	262144	65
66	262144	67	74
74	16384	77
1	65536	19	74	80
80	65536	81
81	65536	83
78	262144	81
83	65536	85
77	262144	83
72	65536	77
4	65536	21	46	72
21	65536	26
9	65536	24	60
24	16384	27
7	262144	21	82
82	65536	84
5	16384	24
84	16384	85
27	16384	31	34	76
19	262144	27	66
79	262144	84
12	16384	19	38	56
76	262144	79
85	16384	
38	16384	41	48	54	72
46	16384	47
41	16384	43
54	65536	57
30	16384	41
14	16384	28	54
18	262144	22	30	45
10	262144	18
3	262144	18
22	65536	25	36	56
20	262144	22	48
0	65536	20	34	46
34	16384	37
37	262144	39	70
31	262144	37
28	65536	31	32	58
8	65536	28	44	52
44	16384	53
39	16384	44
35	16384	39
26	16384	35
16	16384	26	45	58
45	16384	49
49	16384	51	60
47	16384	49
42	16384	47
13	262144	17	42
17	65536	25
