node	size	children
44	16384	48
26	262144	28	58
41	65536	44
14	16384	26
48	262144	51
28	262144	30	53	58
51	65536	57
24	262144	28	55
17	65536	24	61	69
57	65536	60
11	16384	17	59
54	16384	57	81
52	65536	54	79
59	16384	60	63
25	16384	27	41	59
79	262144	80
22	65536	25	65
76	65536	79
18	65536	22	33
74	65536	76
12	65536	18	45
73	262144	74
45	262144	46
62	65536	74
4	16384	22	33	45	47	52
61	65536	62
33	65536	34
58	262144	62
34	262144	36
75	262144	76
36	65536	38
13	16384	17	75
32	65536	36	53	73
30	262144	32	37
80	65536	83
20	65536	30
78	65536	80
8	65536	20
70	65536	78
0	65536	20
37	16384	38
53	65536	70
38	262144	40
56	262144	70
40	65536	50
55	262144	56
68	65536	78
35	16384	40
50	65536	54
66	65536	68
47	65536	50
64	65536	66
16	65536	23	47	55	61
63	16384	64	69
9	65536	16
69	65536	72
5	16384	16
23	16384	27
72	262144	82
71	262144	72
1	65536	23
27	65536	32	49	51
2	262144	19	39
82	65536	84
49	262144	56	63
19	16384	21
77	262144	82
7	16384	19	29
46	262144	48	49	75
84	16384	
29	262144	34
42	262144	46
83	16384	84
21	262144	24	29	35	67	77
39	262144	42	43
81	262144	83
15	262144	21	31	65	77
10	262144	18	39
60	65536	64
31	16384	42
43	262144	44
65	65536	66
3	262144	26	31	71
67	262144	68
6	16384	25
