node	size	children
5	65536	11
3	262144	11
9	16384	12	25
27	16384	28
7	16384	9	15	31
0	262144	9
15	65536	16
28	16384	30	41
16	262144	18	24
24	16384	28	39
8	16384	16
23	16384	24	41
1	16384	8
4	65536	8	17
21	65536	23	35
17	65536	18	29
35	65536	36
18	16384	20	29
36	65536	38
20	262144	22	39
44	65536	
34	262144	36	37
14	262144	20
22	262144	26
32	65536	34
26	16384	31
30	65536	34
31	65536	43
29	16384	30
43	16384	44
37	65536	38
40	16384	43
38	16384	40
33	65536	40
6	65536	10
41	65536	42
10	262144	14	33
25	65536	32	33
42	16384	44
2	16384	10	19
13	65536	25
19	65536	22
39	262144	42
11	262144	12	13	27	35
12	16384	14	19	21	26
