node	size	children
16	16384	20	21	23
32	16384	44
20	65536	22	31
15	262144	16
31	65536	32
17	65536	20	33
12	262144	16
7	262144	13	17
39	65536	40
13	262144	15	29	49
4	65536	12
35	16384	36
8	16384	12
10	262144	13
23	16384	28
36	16384	38
6	262144	10
28	16384	32
9	65536	17
5	262144	10	43
43	65536	44
26	65536	28	31	39
44	65536	48
41	262144	42	43
25	16384	26	47
42	65536	46
47	262144	50
50	262144	52
40	16384	42
49	65536	50
38	65536	40
0	65536	14
52	262144	
37	262144	38
14	65536	19
51	262144	52
29	65536	30	37
3	262144	14
33	65536	51
19	65536	24	41
30	65536	34
48	16384	51
2	262144	11	19	21	37
24	16384	30
11	65536	15
46	262144	48
34	16384	36
1	262144	11	18	23	25	45
18	65536	22
45	262144	46
27	65536	34	35
22	16384	24	27
21	65536	26	27	33
