node	size	children
63	16384	67
11	65536	21	52
62	262144	63
52	65536	55
61	65536	63
8	65536	20	32	52	60
59	65536	61
20	65536	26	70
57	262144	59
7	262144	20	44	50
44	262144	51
48	262144	57
30	16384	31	48
51	262144	53	64
26	262144	28	30
50	65536	51
45	65536	47	50	68
10	262144	26	39
28	65536	35
41	262144	45
31	16384	33
39	65536	41
25	65536	31	38	80
2	16384	17	39
17	65536	19
14	262144	25
12	65536	17	32
16	65536	25
32	262144	37
38	262144	49
37	65536	43
36	65536	38
35	262144	37
4	16384	22	36
49	16384	53	74
33	16384	35	56
47	16384	49
29	16384	33	58	60
23	65536	29	34
53	262144	55	68
55	16384	57
9	65536	23
19	16384	23	42
68	16384	79
5	16384	19
42	16384	43
79	16384	84
22	65536	24	42
75	65536	79
1	16384	22	66
73	16384	75
66	262144	69
70	65536	73
69	65536	71
72	65536	73	82
65	262144	69	78
82	262144	83
60	262144	65
83	262144	85
64	16384	65
85	65536	
56	16384	64
0	16384	27	70	76
27	262144	29	30
84	16384	85
78	16384	81
18	262144	27	46	56
80	262144	84
81	65536	83
74	16384	75
6	262144	18	54
54	262144	59	62
77	65536	81
46	262144	61
3	65536	18	40	54
76	262144	77
58	16384	67
40	16384	47	48
71	262144	77
34	16384	41	58
13	262144	21	40	72
67	262144	71
21	16384	28
24	262144	34
15	65536	24
43	65536	45
