node	size	children
52	65536	57
62	16384	63
13	16384	16	56
57	16384	59
59	16384	63
8	65536	13	42
42	65536	43
53	65536	57
56	65536	59
14	16384	31	42
51	65536	53
67	16384	
1	16384	14	24
49	65536	51
11	65536	18	36
65	16384	67
24	65536	25
18	65536	21	28	46
46	262144	49
64	16384	65
25	262144	27	50
5	262144	18	22	24	30
47	65536	49
27	262144	31
58	16384	65
22	262144	23	26	30
45	65536	47
31	262144	33
23	65536	27	50	58
50	262144	51
43	262144	45	54	62
33	262144	37
21	262144	23	64
38	65536	53
41	65536	43
37	16384	41
19	16384	21	56	60
10	262144	15	34
40	65536	41
35	65536	37	40
12	262144	19	32
15	16384	19
54	65536	55
34	16384	35	40
32	65536	33
7	16384	15
55	16384	61
9	262144	17	34
30	262144	35
28	262144	29	32	36	58	64
17	16384	29	62
48	262144	55
6	65536	14
26	16384	28	38	60
16	16384	17
61	65536	66
4	65536	20	26
0	65536	16
60	16384	61
20	16384	25
29	262144	39
2	16384	20	44
66	262144	67
39	65536	45
44	262144	47
63	16384	66
36	16384	39	52
3	16384	13	44	48
