node	size	children
10	16384	17	35
42	65536	44
65	16384	68
36	262144	38
35	16384	46
67	65536	68
37	16384	42
57	16384	60
5	262144	15	35	71
44	16384	46
60	65536	62
15	65536	32	51
41	262144	44
58	16384	60
3	262144	14
1	262144	15	43
43	16384	48
46	16384	50
14	16384	19	47
53	262144	58
48	65536	56
50	262144	54	61	67
11	65536	14	27
56	262144	58
47	262144	48
49	65536	50	63
27	16384	34
55	262144	56
38	16384	40	47
21	65536	22	27	69
63	262144	64
62	65536	66
34	65536	38
9	16384	21
64	262144	66
59	16384	62
8	262144	21
32	16384	34	41
54	65536	64
22	262144	26	37	59
66	16384	72
31	65536	32	49	55
52	262144	54
4	65536	22	33	65
72	262144	74
33	16384	36	37	39
26	16384	28	31
45	16384	52
61	262144	72
7	16384	16	33
24	262144	26
16	262144	19
12	16384	24	45
74	65536	
69	65536	70
23	262144	24	65
51	262144	52	53	59
29	16384	30
73	65536	74
2	65536	16
18	65536	23	39
40	262144	42
25	65536	28	51
19	16384	20	41
71	16384	73
13	65536	18
20	16384	23	25
28	16384	30	55
70	16384	73
6	16384	18
17	16384	20	29
30	262144	36	57	67
39	16384	40	71
0	16384	17
68	65536	70
