node	size	children
57	262144	58	63
54	262144	64	69
1	16384	18	45
63	262144	66
7	65536	17	37
45	262144	50
58	262144	62
6	65536	19
50	262144	54
61	65536	66
37	65536	38	45
10	16384	23
56	65536	58
49	65536	50
68	65536	72
29	262144	30	61
4	262144	22	37
55	262144	56
22	262144	26	33
69	16384	74
78	262144	80
19	65536	20	55
74	16384	78
11	16384	22	67
80	16384	82
17	65536	19
73	16384	74
67	262144	70
79	65536	80
12	65536	17	31
2	262144	21	47	57	67	79
47	16384	48	73
82	65536	
21	65536	24	29	65
66	262144	70
31	16384	36
48	65536	52	77
64	65536	68
81	16384	82
24	65536	28	35
36	65536	40	49
46	262144	48
77	262144	81
34	65536	36
44	262144	46
13	65536	24	35	43	59
20	262144	32	77
33	16384	34
35	65536	42	59
43	262144	44
14	16384	20
32	65536	34
38	16384	46
42	65536	44
52	262144	56
65	262144	68
26	262144	32	43	49	63
40	16384	42
30	16384	38
51	65536	52
25	65536	26
39	262144	40	41	73
28	16384	30	75
62	262144	64
3	16384	16	51
0	65536	25	71
75	16384	76
15	16384	27	39
71	65536	72
16	16384	21
60	262144	62
76	65536	78
27	65536	28
72	65536	81
41	16384	60
9	16384	16	53	75
53	16384	54	65
23	16384	27
70	262144	76
59	262144	60
8	16384	18	53
5	16384	23	57
18	16384	25	55
