node	size	children
15	65536	25	44
30	65536	31
5	65536	15
24	16384	30	44
0	262144	19
8	16384	15	35	40
19	65536	21
35	65536	37
12	65536	13	18	24
37	262144	46
17	65536	19
3	262144	12	18	20
18	65536	27	36
29	16384	37
14	65536	16	17	22
27	16384	34
2	65536	11	14	22
25	16384	29
11	65536	13
23	65536	27
20	65536	25
9	262144	11	34
22	262144	23
4	65536	9	26
46	65536	47
26	262144	29
47	16384	
21	16384	23	32
7	65536	10	26	42
10	262144	12
16	65536	21
6	262144	10	28
13	16384	16
28	65536	31	38
32	16384	33
1	262144	9	28	42
42	16384	43
34	65536	41
43	65536	46
36	16384	39
41	262144	43
39	262144	45
40	262144	41
38	262144	39
33	16384	35	40
45	65536	47
31	16384	33
44	16384	45
