node	size	children
1	65536	10	18
12	65536	15
10	65536	11	20	24
33	65536	41
4	16384	12	28	38
6	16384	10	16	20
38	262144	39
44	262144	46
16	16384	21	24
46	262144	47
39	65536	45
3	16384	13	16	34
47	262144	
13	65536	15	18	30
31	65536	39
8	262144	13	14	44
22	65536	26	31
45	65536	47
14	16384	19	22
42	262144	45
26	16384	27	33
9	16384	12	14
5	16384	9
27	16384	29	36
34	65536	35
0	16384	9	40
40	65536	41
18	262144	27	31
35	65536	40
36	65536	37
29	65536	35
37	16384	43
28	65536	29	36
32	262144	37
2	262144	17	28
17	65536	19
30	16384	32
11	16384	17
24	262144	30
7	16384	11
25	65536	32
19	262144	21	34
20	65536	25
21	262144	23
43	65536	46
23	262144	25	42
41	65536	43	44
15	262144	23	26
