node	size	children
65	16384	67	78
74	262144	75
83	262144	85
63	16384	65
85	16384	89
59	16384	63
82	65536	85
56	262144	59	70
89	65536	95
54	16384	55	56
14	16384	51	54	68	94
88	16384	89
51	262144	53	70
28	16384	30	88
50	262144	51
10	262144	28
41	262144	43	50	60
26	65536	28
40	16384	41	46
0	16384	26
30	65536	47
4	65536	19	34	40	82
19	16384	24
25	16384	30
5	262144	19
13	65536	25
24	16384	26	40
21	65536	24
95	65536	97
93	262144	95
7	262144	21
20	16384	21	48
9	16384	31
92	16384	93
31	65536	37
1	262144	20	58
58	262144	69
90	16384	93
17	16384	31	64	76
69	16384	81	86
97	16384	
64	16384	65
96	65536	97
68	65536	69
8	262144	23	52	64	72	88
81	65536	83
94	65536	96
23	262144	32	48
18	16384	23
91	65536	96
80	16384	81
87	16384	91
32	16384	33
72	65536	73	80
84	16384	87
29	16384	32	38	58	90
73	16384	75
86	262144	87
61	65536	73
6	262144	29	44	54
44	65536	57
55	65536	61
79	16384	91
57	16384	59	66
49	65536	55
76	16384	79
47	262144	57	94
45	65536	49
39	262144	41	76
46	16384	47
38	65536	39
43	65536	45	52
35	65536	45	46	84
52	16384	53
37	65536	39	50
33	65536	35	62
53	65536	66
36	262144	37
27	65536	33
66	16384	67
34	262144	35	36
11	262144	27	42	92
67	262144	71	74
2	16384	20	34
48	262144	49
42	16384	43	74
71	65536	77	80
60	16384	61
3	262144	22	42
22	16384	25
70	262144	71
12	16384	22	78	92
77	262144	83
62	65536	63
75	16384	77
78	65536	79
16	16384	27
15	65536	29
