node	size	children
22	262144	23
0	262144	19
19	65536	21	42
28	65536	36
13	262144	16	22
17	262144	21	28
18	65536	19	38
1	16384	13	20
20	65536	24
16	262144	17
12	16384	15	18	44
5	65536	11	20	42
3	262144	16
42	16384	45
7	65536	12	30	48	50
21	262144	23
30	65536	33	35
45	262144	49
33	16384	43
52	16384	53
23	65536	27	48
41	16384	45
32	16384	33	44
53	16384	55
38	65536	41
25	262144	31	32
43	65536	53
15	65536	17	38
14	262144	25	35
55	65536	57
10	65536	15	34
57	65536	
9	16384	14	18
11	262144	14	36
34	16384	37
56	65536	57
6	16384	11	32	54
31	262144	34
54	16384	55
51	16384	56
29	65536	31
40	65536	43	54
49	16384	51
24	16384	29
2	262144	25	40	46
48	16384	49
46	16384	47
37	65536	39
50	262144	51
8	16384	12	26	46
35	262144	37
26	16384	27
47	65536	56
39	262144	41
44	16384	47
27	16384	29	52
36	16384	39	52
4	262144	13
