node	size	children
23	262144	26
11	65536	12	23
30	16384	38
2	16384	11	35
35	16384	37
29	16384	30
32	16384	34	35
0	65536	12	27	29
12	262144	24	33
27	262144	32
24	65536	37
14	16384	16	27
21	65536	24
4	65536	14	19
19	262144	20	23	29
37	262144	38
5	262144	10	19
38	65536	40
10	16384	14
40	16384	
9	16384	10	17
7	16384	9
36	262144	40
6	65536	9	13	21	25
13	262144	16	18
34	16384	36
16	262144	22
33	262144	34
22	16384	28	33
28	262144	36
18	262144	22
25	16384	28
15	16384	17	18
31	262144	32
17	262144	20
20	16384	26	31
1	65536	8
8	16384	11	13	15
26	262144	30
3	262144	8
