node	size	children
0	16384	14	21
3	65536	16
14	262144	18	59
48	65536	50
22	16384	24
55	16384	56
30	65536	34
9	262144	14
51	65536	52
21	262144	22	55
18	65536	20	23
29	262144	30
10	65536	12	21
4	65536	18	57
35	16384	38	53
57	65536	58
19	16384	20	29
12	16384	17
53	262144	54
6	16384	19	59
58	16384	61
7	65536	12
59	262144	61
17	16384	19	23
56	65536	58
61	16384	62
11	16384	17	27	37	43
54	65536	56
62	65536	
43	262144	44
50	65536	54
60	262144	62
44	16384	48
42	65536	50
52	262144	60
40	65536	44
38	16384	42
36	262144	40
37	262144	38
49	262144	52
33	16384	36
27	262144	28	37
47	16384	49
28	65536	36
5	16384	13	27
20	16384	31	47
13	65536	15	25	33	35	53
24	65536	28
31	262144	34	45	55
2	65536	13	32	45
8	16384	24	25	41
34	262144	42
32	262144	40	49
25	16384	26	39
1	262144	15	32
45	16384	46
26	262144	30	31	51
15	16384	16
46	262144	60
23	65536	26	41
16	262144	22	33
39	16384	46
41	16384	48
