node	size	children
19	65536	22
12	262144	21
22	16384	29
5	16384	12	28
28	262144	30
4	262144	12	22
29	262144	32
13	262144	15	18	28
33	16384	38
10	16384	13	25
38	16384	41
7	65536	10
0	262144	10
41	262144	43
25	262144	41
43	16384	45
18	16384	19	25	26
42	262144	43
11	65536	17	18
45	16384	
1	65536	11	14	20	36
14	262144	15	16	20
44	262144	45
15	262144	23
40	16384	44
3	16384	9	38
23	16384	31
20	65536	21	40
9	262144	13
2	65536	9	34
31	16384	37
34	16384	35
39	262144	44
30	16384	31	33
35	65536	39
37	262144	39
17	65536	19	30
32	65536	35	42
36	262144	37
16	16384	17
27	16384	29	32
6	262144	11
8	65536	16	26
24	16384	27
26	262144	27
21	16384	24
