node	size	children
28	65536	34
49	16384	50
63	65536	64	71
17	16384	28
71	16384	72
13	65536	17
0	262144	19
65	16384	66
10	16384	17
19	16384	25	69
29	262144	34
68	262144	70
8	16384	19	45	61
45	65536	52	67
67	16384	68
9	16384	23	29
35	262144	36
40	16384	45	53
59	262144	68
39	16384	40	46
12	262144	16	35	77
51	65536	59
30	262144	32	39
16	262144	20
83	16384	84
1	16384	16	77
24	16384	30
75	16384	83
77	262144	80
6	16384	24
80	262144	82
84	16384	
23	65536	24	49	75	79
79	16384	80
18	262144	23	47
82	262144	84
7	262144	18	41	63
41	65536	42
81	16384	82
27	262144	30	41
52	16384	58	59	65	81
14	262144	27	46
58	65536	60
46	65536	48
57	65536	58
60	65536	62
48	65536	52
43	16384	48	49	51
54	65536	60
5	16384	18	43
53	16384	54	81
20	65536	22	37	43
47	16384	54
4	262144	20	37
62	262144	74
37	262144	38	53	57
38	16384	40
61	262144	62
32	65536	38
74	262144	76
31	262144	32	67
72	16384	74
69	65536	72	73
3	262144	21	31
21	262144	22	61
73	65536	78
15	262144	21
78	65536	83
22	262144	26	35
76	65536	78
26	262144	28
70	16384	76
25	16384	26
66	262144	70
2	16384	25	33	71
33	16384	44
64	65536	66
44	65536	50
56	16384	64
42	262144	44
55	65536	56
36	262144	42	73
11	65536	27	55
50	262144	56
34	16384	36
