node	size	children
55	65536	56
15	16384	23	31
52	262144	56
23	65536	28
51	262144	52
8	262144	23	63
41	262144	42	51
63	262144	66
42	65536	54	79
28	262144	30	63
26	262144	28	61	69
40	16384	42
27	16384	40
0	262144	26	75
75	262144	76
1	65536	27
25	262144	27	51
37	262144	38	75
20	16384	25
38	262144	44
10	16384	20
36	65536	38	45
79	16384	82
33	16384	36
7	16384	17	33
82	262144	84
11	65536	16	33
80	262144	82
16	16384	18	53
78	262144	80	81
6	262144	16	67
67	65536	74
76	16384	78
5	65536	22	67	73
73	262144	76
22	65536	26	49	53
72	65536	78
18	262144	22
71	262144	72
3	65536	18
49	262144	60
66	65536	72
60	262144	62
64	65536	66
54	262144	60
62	262144	64
50	16384	54
61	65536	64
81	262144	83
48	65536	50
44	262144	47	48
83	65536	84
77	16384	83
35	16384	44	65
84	16384	
65	65536	68
47	16384	52	65
74	16384	80
43	16384	46	47	61
70	65536	74
69	65536	70
46	262144	50	59
68	16384	70
45	16384	46
34	16384	36
59	16384	62
53	262144	57	59
57	65536	58
58	262144	68
56	65536	58	69	77
4	16384	19	29	43
19	262144	25	71
2	65536	19	39
39	65536	40	55
13	65536	21	39
21	262144	24	35
9	16384	21
24	65536	32	81
12	262144	24
32	262144	34	37	41	49
30	16384	32
29	262144	30	35	79
17	16384	20	29	43
14	262144	17	31
31	65536	34
