node	size	children
60	262144	61
63	65536	71
71	65536	75
69	16384	71
68	16384	69
59	16384	65	66	68
65	65536	75
75	16384	83
83	65536	85
77	65536	83
74	16384	77
67	262144	69	74
62	262144	67
58	16384	67
66	262144	77
85	16384	87
84	262144	85
82	262144	84
81	65536	84
79	16384	81
73	262144	79
70	16384	73
72	65536	73
76	16384	79
87	16384	
86	16384	87
10	65536	19
32	16384	33
33	65536	41
41	65536	43
39	16384	41	74
38	16384	39	72
0	262144	18	38	62	72
18	65536	20
11	16384	18
20	16384	23	80
14	262144	20
80	262144	81
7	16384	26	70	80
26	65536	29	82
3	65536	26
29	16384	31	86
31	262144	35
35	65536	37
8	262144	35	45
45	16384	47
9	65536	28
28	16384	29	45	54	58
47	262144	53	70
43	65536	47
2	16384	28	64	66
64	16384	65
40	65536	43	48	60
56	16384	63	64
48	16384	53
17	16384	21	56	76
53	65536	57
16	262144	17
57	16384	59
1	16384	17
51	16384	57
21	262144	24	34	38
50	65536	51
12	65536	21
49	262144	51
24	16384	27
46	16384	49
5	262144	24	52
42	65536	49
52	65536	59	68
34	16384	39	52
13	262144	27	42
27	16384	36	58
30	262144	31	34	46
36	16384	37	60
22	16384	25	30	40	48
37	65536	44
15	262144	22
44	262144	55
4	262144	22
25	262144	33
55	65536	61
23	16384	25
54	262144	55
19	65536	23	32
61	16384	63
6	65536	19	32	50
