node	size	children
62	16384	64
28	16384	32
65	262144	66
5	262144	15	37
60	262144	62
40	262144	42	43
66	65536	68
31	262144	32
33	65536	40
58	16384	60
30	262144	34
64	65536	66
8	65536	16	33
56	16384	58
51	16384	52	63
63	16384	64
16	16384	21
49	16384	56
9	65536	23	27	63
46	262144	50
14	16384	16
23	65536	36	47
52	16384	58
43	262144	46
13	262144	14	25	57
44	65536	52
45	262144	46
11	16384	23
25	262144	28
41	262144	44
3	16384	15	37
36	16384	38
6	262144	17	25	67
4	16384	26
38	262144	41	47
17	262144	21	31	41
29	262144	36	59
47	262144	48	57
7	65536	17
27	65536	29
10	65536	19
21	65536	22
57	65536	68
0	16384	14
59	16384	60
22	262144	24
68	65536	70
53	16384	54	55	59
19	16384	22	27
70	262144	
54	16384	56
12	262144	19	35
69	65536	70
50	65536	54
35	262144	38	39	43	45
67	16384	69
48	16384	50
26	262144	28	30	35	49
1	16384	18	29	61
55	262144	69
42	16384	48	61
18	65536	20
24	65536	26	49	51	53
34	65536	44
39	262144	42
15	262144	18
20	65536	24	65
32	16384	34
61	262144	62
2	16384	20
37	262144	40	51
