node	size	children
12	65536	17
3	65536	20	27	35
34	16384	40
1	262144	15
6	65536	12	31
27	65536	38
33	16384	34
31	262144	32
9	16384	12
38	65536	44
0	65536	16	33
2	262144	17	43
32	262144	34	37	39	55
42	65536	46	51
36	262144	38
28	16384	32
35	65536	36	47
25	65536	42
23	262144	28
47	65536	50
46	16384	48
15	65536	19	23
50	262144	54
44	16384	46
11	262144	15	21
49	262144	50
37	16384	44
21	16384	22	25
41	65536	45	49
48	65536	52
30	16384	36
8	65536	13	21	41
45	16384	54
13	16384	14
43	16384	48
54	16384	56	57
4	16384	13
52	65536	58
14	16384	18
56	65536	58
51	262144	52
7	262144	14	23	26	35
53	262144	56
58	65536	60
26	262144	28	33
22	16384	24	37	53
16	65536	19	26
60	16384	
59	16384	60
10	16384	16	29
24	262144	30	43
57	65536	59
29	262144	30
18	16384	24
55	16384	59
19	65536	20	29
5	16384	18	39
39	262144	40
20	16384	22	53
17	262144	25
40	65536	42
