node	size	children
77	16384	78
55	65536	60	77
60	16384	62
59	65536	60
40	262144	44	59	69
38	16384	40
34	262144	38	45
32	262144	34	45
31	262144	32
29	65536	31
3	65536	29
15	16384	29	47	63
47	262144	48
48	16384	52	69
45	262144	48	49
49	65536	56
56	16384	68
51	16384	56	87
42	262144	50	51	61	71
39	262144	42
35	16384	36	39
36	16384	40
9	262144	36	57	85
57	65536	58
58	65536	62	63
62	262144	64
64	16384	70	75
61	65536	64
70	65536	74
69	16384	70
74	65536	78
71	16384	74
75	16384	76
44	16384	46	75	81
81	16384	82
76	262144	80
73	65536	76
80	65536	89
72	262144	80
66	16384	72
63	262144	66
65	262144	66
10	262144	19	37	65
37	16384	38
0	262144	21
68	262144	72
21	262144	23	35
67	65536	68
19	262144	21
11	16384	19	43
89	16384	90
43	262144	44	85
87	262144	89
4	65536	20	43	53	65
90	65536	
20	65536	23
88	262144	90
13	65536	20
86	16384	88
23	65536	25	41
85	262144	86
25	16384	27
41	16384	42
2	16384	25	33	37	55	87
33	16384	34
5	65536	31
8	262144	30	33	77
22	65536	28
30	16384	32
18	65536	22
26	65536	30	79
6	16384	18
24	262144	26
12	65536	18
1	16384	24
17	16384	22
16	262144	24
14	16384	26
79	262144	86
53	16384	54	79
54	262144	58
52	16384	54
50	65536	52
46	65536	50	51
28	16384	46	57	67
27	65536	28	35	73
7	65536	27	83
83	65536	84
84	65536	88
82	262144	84
78	16384	82
