node	size	children
36	16384	40
17	65536	20	31
32	65536	36
3	16384	10	17	19	37
19	262144	22
20	65536	32	39
22	262144	24
39	262144	40
21	262144	22	23
40	16384	42
23	65536	26
42	16384	
18	16384	20	23	25	27
41	16384	42
14	65536	18
34	16384	41
13	16384	14
38	65536	41
4	65536	12	13	29
35	65536	38
0	65536	9	29
29	65536	30	35
33	16384	35
9	16384	11	13
1	262144	9
30	65536	33	34
11	65536	14	25	33
37	65536	38
26	16384	30
7	65536	11	15
15	65536	16	17
24	16384	26	27
16	16384	18	19	21	34	37
8	65536	24
5	65536	8
12	262144	16	39
2	65536	8
27	16384	28
10	16384	12
28	65536	36
6	262144	10	31
31	16384	32
25	16384	28
