node	size	children
58	65536	61
38	16384	44
57	262144	58
35	262144	38	75
64	16384	68
75	65536	76
60	16384	64
17	16384	20	75
2	65536	17	40
59	65536	60
40	65536	62
28	65536	30	59
62	65536	66
20	16384	28
54	16384	62
15	65536	20	79
52	16384	54
79	65536	80
47	16384	52	81
80	16384	82
13	262144	21	47	51	67
78	16384	80
21	262144	22	31
76	16384	78
12	16384	21	65
73	16384	76
65	16384	70
82	16384	84
70	16384	74
74	65536	82
69	16384	70
67	16384	74	77
50	16384	60	69
77	65536	83
49	262144	50	59
83	16384	84
34	262144	36	49
3	16384	16	33	41
81	262144	83
32	262144	34	37
16	16384	23
84	16384	
31	262144	32
11	16384	16
30	16384	36
0	262144	27	31
23	65536	25	47
27	65536	28
36	262144	42
10	65536	23	29
63	16384	64
14	262144	27	71
29	65536	30	73
71	65536	72
33	65536	38	49
7	262144	19	29
72	262144	78
19	262144	22	63	81
4	65536	17	33	51
51	16384	52
68	262144	72
8	16384	19	45	67	73
45	65536	48
66	262144	68
53	16384	54
48	65536	50	57
61	16384	66
46	65536	48	53	65
26	262144	34	55	61
42	262144	46
24	262144	26
41	65536	42
22	262144	24
37	65536	39	41
6	262144	24
25	16384	26
9	16384	18	37	79
18	16384	32	35
5	16384	25
1	16384	18	43
55	16384	56
43	262144	44	53
56	262144	58
44	65536	46
39	262144	56
