node	size	children
19	65536	21
29	16384	33	36
42	262144	43
0	262144	19	24	26
23	16384	29
24	16384	25	32	42
41	16384	43	46
3	262144	23
5	65536	19	24	52
39	16384	41
52	65536	55
33	262144	37
32	16384	39
12	65536	17
55	16384	57
37	65536	45
35	16384	39
50	16384	55
17	16384	20	38
36	262144	37
7	262144	17
34	65536	45	50
11	16384	13	35
20	16384	23
45	16384	47
38	65536	41
31	65536	34	48
15	16384	20	50
47	16384	49
46	65536	53
30	16384	31	60
14	16384	15	34
40	65536	47
53	262144	64
60	65536	63
4	262144	14
48	65536	51
1	262144	14	22
51	65536	53
63	262144	65
22	16384	25	26	38	40
8	262144	31
49	262144	51
61	16384	63
13	16384	16	22	30
44	262144	49
56	65536	61
10	65536	13	28	48
27	16384	29	44
9	65536	15	56
28	262144	33	36	58
59	16384	61
26	262144	27
16	65536	18	28
58	16384	59
25	262144	27	62
2	262144	16
57	16384	59
18	16384	21	40	58
62	16384	64
54	65536	57
6	262144	18
21	262144	32
64	16384	65
43	262144	54
65	65536	
