node	size	children
10	16384	24
36	65536	37
51	262144	57
66	16384	67
67	262144	71
65	65536	67
61	16384	65
55	16384	61
54	262144	55
52	262144	53	54	60	74
60	16384	69	76
69	16384	71
64	16384	69
71	16384	77
77	65536	83
75	65536	77
74	16384	75
83	262144	85
81	16384	83
76	262144	81
79	65536	81
70	262144	79
16	65536	18
49	262144	55	70
18	16384	23
15	16384	18
48	65536	49	58
44	16384	49
23	262144	25
19	16384	23
85	16384	87
13	16384	19	56
84	16384	85
80	16384	84
56	16384	59
82	262144	84
45	262144	47	56
40	16384	45
87	262144	
9	65536	21	40	48
78	65536	87
21	65536	28	50
17	65536	21	62
4	262144	19
0	262144	17
8	16384	17
62	16384	63
63	262144	65
57	65536	63
53	16384	57
50	16384	53
29	262144	45	50
2	65536	29	32	78
32	262144	33
22	16384	31	32
3	262144	22
11	16384	22	30
30	16384	31	34
31	16384	35
35	65536	39	42	60
27	262144	35	38	42
26	65536	27
1	262144	26
12	65536	26
25	65536	27	72
6	262144	25	38
38	16384	59
59	16384	73
73	262144	75	78
72	16384	73
14	16384	20	72
20	262144	24	64
7	16384	20	34	80
34	65536	41
41	262144	43
39	16384	41
37	16384	39	52
33	65536	37
28	65536	33	44
5	262144	28	68
68	262144	79
58	16384	61	68
47	262144	51	58	66	76	82
43	262144	47
42	262144	43	46
46	65536	51
24	262144	29	36	46
