node	size	children
40	65536	42
2	65536	13
39	262144	40
8	262144	13	19
1	262144	8
31	65536	36	39
5	16384	8	19
19	65536	22
36	65536	41
22	262144	24
34	16384	36
14	65536	22
32	262144	34	35
12	262144	14
29	65536	32
10	65536	12	17	25	27	31
28	16384	32
3	16384	10
24	65536	28
4	262144	10	33
33	65536	38
23	16384	24
27	262144	30	33
26	262144	28
30	16384	34
20	16384	26
25	262144	30	35
21	16384	26
11	262144	12	16	25
35	16384	38
6	16384	11	17	39
38	65536	41
17	65536	18	23	29
0	65536	9	21	27
41	65536	42
18	16384	20
9	262144	11
7	262144	9	15	21
42	65536	
16	262144	18	37
15	262144	20	31
37	65536	40
13	262144	15	16
