node	size	children
61	16384	64
5	262144	16
32	65536	35
8	16384	16	26	34
9	65536	20
58	262144	61
26	65536	27	32	38
46	16384	47
11	65536	20	50
57	16384	61
6	16384	21	26
22	262144	23
50	262144	57
21	65536	33
56	16384	57
7	262144	22
47	262144	49	50
17	262144	21	28	56
65	65536	
39	65536	47
15	262144	17
63	16384	65
37	16384	39
3	262144	15
60	16384	63
10	65536	15
34	262144	37
59	262144	63
1	16384	17	24
35	262144	37
24	65536	25	46
54	16384	59
31	262144	35	42
25	262144	27	58
55	16384	59
42	65536	43	44
19	262144	25	40
53	16384	55
43	262144	53
16	262144	18	28	36	38	44	54
18	16384	19
51	65536	53
41	16384	43	62
14	65536	18	32	58
45	262144	51
38	16384	41
2	65536	14	30	54
30	262144	31	48
44	16384	45	52
33	65536	41
27	262144	29	30	42	60
52	16384	55
28	65536	33
0	65536	13	22	48	56
13	262144	19
29	262144	31	46
40	16384	45
62	16384	64
4	262144	13	36	40
49	262144	51
36	65536	39
12	16384	14	62
23	16384	29
48	262144	49
64	262144	65
20	16384	23	60
