node	size	children
22	65536	23	44
76	65536	78
49	65536	51	60
44	16384	47	62	74
20	65536	22
60	262144	61
48	262144	49
74	16384	75
14	65536	20	26	38	56
61	16384	63
47	65536	49
75	65536	78
51	65536	55
26	262144	29
59	262144	61
43	65536	47
71	65536	75
29	65536	33
57	65536	59
42	65536	43	44
68	16384	71
21	262144	29
37	16384	41	42
55	65536	57
13	262144	24	68	70
19	16384	21	50
35	16384	37
53	262144	55
70	65536	73
8	16384	19	28	42
30	16384	35
50	16384	53
28	16384	30	36
73	65536	77
3	16384	16	40
41	65536	45	66
24	262144	28	50
72	262144	73
56	16384	59
36	262144	41
4	65536	15
33	16384	39	72
2	262144	24	64
12	65536	21
64	262144	71
16	16384	27
66	65536	67	76
0	262144	16	54
31	262144	33	72
54	65536	57
27	16384	37	64
67	65536	69
10	65536	20
39	262144	43	60
45	65536	53	54
25	16384	27	31
65	262144	67
38	262144	39	52
34	65536	45
23	65536	25
63	16384	65
52	16384	69
1	262144	17	34
15	65536	23
58	16384	63
17	262144	19
69	16384	77
5	65536	15	34	40
11	262144	22	26	32	48
9	16384	17	32	70
18	262144	25	31	58
40	262144	46
32	65536	35	76
77	262144	79
46	16384	51
6	65536	18
79	16384	
7	65536	18	62
62	262144	65
78	16384	79
