node	size	children
65	65536	69
39	65536	40	45
80	65536	82
69	16384	70
52	65536	56
17	65536	18	29	39	47	67	69
77	65536	80
70	262144	72
50	16384	52
15	262144	17	31	73
82	262144	
72	262144	74	77
31	16384	32
47	262144	50	62
81	16384	82
71	16384	72	73
32	262144	34	43
62	16384	66
74	65536	81
30	16384	32	57	63
73	262144	76
19	65536	22	62
34	65536	61
76	262144	78
9	262144	19
22	262144	24
23	262144	30
11	262144	26	37	41
67	65536	76
21	262144	23	65
8	65536	22
63	65536	64
24	65536	27
5	262144	21
78	65536	81
37	16384	38
26	65536	28	33	35	49
6	262144	21	41
2	65536	24
75	262144	78
4	262144	26
66	262144	68
41	262144	46
43	262144	44
28	65536	34
46	16384	48	49	55
49	65536	50	75
40	262144	43
58	65536	66
27	65536	28
29	65536	30	57	75
44	16384	46
14	65536	40
55	262144	58
25	65536	27
42	65536	44
57	262144	60
1	65536	23
56	65536	58
10	65536	17
38	65536	42
18	65536	25	77
68	65536	70
60	65536	74	79
0	262144	18	53
36	262144	38	59
59	262144	60
64	262144	68
53	262144	54
7	65536	16	36	39	51
45	262144	48
54	16384	56	71
20	65536	25	59	79
16	16384	19
61	262144	64
3	262144	20
33	16384	35	61	65
48	16384	54
12	65536	16	51
13	262144	20
51	65536	52
35	65536	42
79	16384	80
