node	size	children
11	65536	16	22	32	34
15	16384	17
31	16384	33	50
16	65536	25
8	65536	15	26	42
33	16384	38
26	65536	27	38	40
4	262144	16	34	58
58	16384	61
32	16384	33
27	262144	29
61	16384	63
38	262144	44
22	262144	27
59	262144	61
44	65536	53	62
5	65536	14	22	56
14	16384	20
56	16384	59
53	262144	57
0	16384	23
3	16384	14	45
63	16384	65
23	262144	29
50	65536	53	60
45	262144	47
65	262144	
47	16384	49
60	262144	64
21	262144	23
64	65536	65
46	16384	47
57	65536	60
13	65536	21	52
62	65536	64
49	16384	63
54	16384	57
6	262144	13
7	16384	13
10	65536	17	30	62
42	65536	49	58
52	65536	55
39	16384	43	54
30	16384	35
43	262144	51
55	16384	59
28	65536	31	42
35	65536	41
20	262144	28
51	16384	55
2	16384	18
25	65536	35
1	65536	15
48	65536	51
18	16384	20
24	16384	25
9	65536	18	36	54
12	262144	19	24	26	48
36	16384	37
41	65536	43
19	16384	21
37	65536	39	56
40	16384	41
17	65536	19	30	46
34	262144	37
29	65536	31	40
