node	size	children
56	262144	58
8	262144	15	53
51	262144	54
53	65536	56
55	262144	56
22	262144	36	51
41	65536	53
60	65536	
36	16384	40
32	16384	36	41
59	65536	60
40	65536	44
26	16384	32
57	16384	59
0	16384	14	23
44	262144	46	57
24	262144	26
14	16384	20
58	16384	60
43	65536	59
34	65536	44
20	262144	24
13	262144	14	22
11	65536	19
46	65536	50
19	65536	20	31
6	65536	13	35
35	16384	37
42	16384	46
16	16384	19	43	55
37	65536	42	57
39	65536	42
3	65536	16
12	65536	16	33
50	262144	52
33	16384	34	37	43
9	16384	12	27
49	262144	50
17	262144	33
27	16384	28
4	16384	17	38
45	262144	48	49
28	262144	30
38	262144	40
48	262144	52
25	16384	28
31	16384	32	38	39	45
47	65536	48
23	262144	24	25
21	262144	26	31	45
5	65536	15	47
2	262144	17	25
52	16384	54
7	65536	13	21
18	16384	21
30	262144	34
54	65536	58
1	262144	18
29	262144	30	51
15	16384	18
10	65536	12	29
