node	size	children
31	16384	32
68	262144	70
4	262144	19	41	50
12	262144	23
19	262144	20	47
24	16384	30	31
6	262144	14
67	262144	68
1	16384	17
15	262144	19	26	43
22	16384	24
70	262144	
11	262144	15	27	57
20	65536	22	65
69	16384	70
27	16384	28	39
9	262144	20
62	16384	69
65	65536	66
28	262144	36
46	16384	62
25	16384	30	35	65
26	262144	28
41	262144	44
44	262144	46
30	16384	34	39	55	59
13	16384	15	26	50	59
2	16384	18
43	262144	44
34	65536	36	61
50	262144	52
18	65536	21
42	65536	46
33	262144	34
52	262144	60
16	16384	18
40	65536	42
36	16384	38
51	16384	52
5	65536	16
37	16384	40
61	262144	62
8	16384	16
48	65536	51
21	16384	27	45
39	16384	40
57	16384	58	61
45	262144	48
3	16384	21	49
64	16384	69
58	16384	66
47	16384	48	57
49	65536	54
60	65536	64
56	262144	58
38	65536	49	67
17	16384	23	31	47
59	65536	60
35	16384	38
10	262144	17	29
54	262144	56
63	65536	64
14	16384	25	35	37	53
29	262144	32	33
53	16384	54
0	65536	22	63
55	65536	56
32	65536	42
7	16384	14	41
23	262144	24
66	65536	68
