node	size	children
32	262144	43
33	262144	35	74
38	262144	47	70
70	262144	73
74	65536	75	76
63	262144	65
75	262144	77
60	262144	63
62	16384	75
65	16384	69	86
77	16384	81
0	262144	26
58	262144	65
26	262144	33
73	65536	77
71	65536	73
13	262144	26	66
86	16384	93
93	65536	95
66	262144	67
68	16384	71
90	65536	93
55	65536	59	66
64	65536	68
53	65536	55
16	16384	29	64
52	262144	55	90
95	65536	
47	262144	53
69	262144	71
94	16384	95
42	65536	47
67	262144	69
91	262144	94
12	16384	28	42	50	76	88
59	65536	67	80
28	16384	31	34
88	16384	91
57	65536	59
89	65536	91
17	16384	28
80	16384	83
92	65536	94
31	16384	39	58
83	65536	87	90
45	16384	49
29	262144	31
82	16384	83
37	16384	45
27	262144	29	36
87	65536	89
34	65536	37
11	16384	27
85	16384	87	92
22	65536	27
36	16384	37
81	262144	85
2	65536	22	56	78
49	262144	53
56	16384	57	62
79	16384	81	92
46	65536	49
25	16384	32	56
72	65536	79
76	65536	79
19	16384	25	82
43	65536	45	52	72
18	16384	22
41	16384	43	54
10	16384	19
39	65536	41
5	65536	19	50
50	262144	51
54	16384	60
51	16384	57
3	16384	20	54
20	262144	30	84	86
48	262144	51
6	16384	20	44
15	262144	25	48
84	16384	89
44	262144	48
21	262144	23	84
30	16384	33	36	44
9	65536	21
24	16384	30	40	52
7	262144	21	61	88
61	262144	63
4	262144	24
23	65536	32	38	61
1	16384	24
40	262144	41
8	65536	23	78
78	65536	85
14	65536	35	40	62
35	65536	39	46
