node	size	children
35	262144	37
17	262144	20	22	28
30	65536	35
9	262144	17
34	16384	35
2	65536	9	22
22	262144	24	30
24	65536	25	32
25	262144	29
0	65536	11	12	13
21	65536	25	28	30
11	262144	14
28	262144	31
5	16384	11	14
31	262144	33
14	16384	15	20
29	262144	31
15	65536	17
16	16384	29
12	16384	15
6	16384	7	16
10	65536	12	26
7	262144	10	16
4	16384	7
1	262144	8	10	19	21
33	65536	36
8	16384	9
3	16384	8	18
32	16384	33
18	65536	19	34
36	262144	37
13	65536	18
27	65536	36
19	262144	23	24	34
26	65536	27
23	262144	27
37	65536	
20	16384	23	26
