node	size	children
30	65536	35	36
2	16384	12
25	65536	28
36	65536	37
23	262144	25
0	262144	13	14	30
37	65536	43
13	262144	19	29
22	262144	23
47	16384	
9	16384	13
28	262144	31
1	65536	9	20	42
46	65536	47
20	262144	21	36
19	262144	28
42	65536	46
21	65536	23	26	40
31	16384	33
39	262144	46
18	16384	21
27	65536	31	44
38	65536	39
14	65536	15	18
26	65536	27
32	262144	39
6	65536	14	16
7	262144	9	26
16	16384	17	22	34	38
44	65536	45
17	262144	19	32
45	262144	47
15	65536	17	22	30	44
43	65536	45
11	16384	15
41	262144	43
4	262144	11
34	262144	41
5	262144	11	24	29	32
24	262144	27	38
40	16384	41
3	262144	10	24
29	16384	33	40
10	65536	12
33	16384	35
8	262144	10
12	16384	25
35	262144	37
