node	size	children
21	262144	23
16	16384	17
25	16384	27
12	65536	15	16
4	262144	7
7	262144	12
3	262144	8
0	16384	7	20	30
20	16384	29
29	65536	31
24	16384	29
31	65536	34
27	65536	31	32
5	262144	11
23	16384	27
11	16384	13
22	65536	23	32
9	16384	11
2	65536	9	18	30
32	65536	33
18	262144	19	20
33	16384	35
19	65536	24	26
30	262144	33
13	16384	19
35	262144	
6	262144	10	13	16
10	262144	15	22	24
34	16384	35
8	16384	9	10	14
28	16384	34
1	16384	8	14	25
14	262144	17
26	16384	28
17	16384	21
15	16384	21	25	26
