node	size	children
21	16384	22
7	16384	21	33	83
33	262144	44	71
13	262144	33
44	65536	46	73
43	16384	44
4	16384	21	43
46	16384	48
41	16384	46
27	65536	29	41
14	16384	27	47
47	16384	52
52	16384	62
48	65536	52	53
39	16384	48
53	65536	54
9	262144	20	53
20	262144	31
16	65536	20
54	65536	56	61	79
50	262144	54
49	262144	50
45	16384	50
29	16384	30	45	51
51	262144	72
72	65536	76
70	262144	72
67	16384	70	81
62	16384	67	77
58	262144	62
56	65536	58
55	262144	58	65
65	65536	66
66	262144	68
64	16384	66
60	65536	64
57	16384	60
63	65536	64	81
38	65536	40	63
81	16384	84
84	16384	89
80	16384	84
78	65536	80
73	65536	78
68	262144	70	73
61	16384	68
10	16384	24	61	85
24	262144	27
15	65536	24	75
1	65536	23
75	16384	76	87
23	65536	29
76	262144	78
12	262144	23	59
87	262144	88
59	16384	60
77	65536	82	87
28	262144	32	59	71
82	16384	86
6	16384	28	34
79	65536	82
34	262144	38	65
86	65536	89
19	262144	22	34
85	16384	86
8	16384	19	69
69	65536	74	75
89	262144	90
42	262144	56	69
90	262144	
40	262144	42
88	262144	90
32	262144	40
83	16384	88
31	262144	32
74	262144	80
18	16384	31	57
71	262144	74
2	65536	18
3	262144	19
0	65536	18	37	49
37	65536	42
11	262144	26	37
26	65536	28
17	262144	26	35
35	65536	36
36	16384	38	67
30	262144	36	77
25	262144	30	39	55
5	16384	25
22	16384	25	51
