node	size	children
38	65536	44	63
34	65536	42
9	16384	19
61	65536	62
37	16384	38
33	65536	34
62	262144	64
63	262144	66
26	65536	32	33
60	16384	62
66	65536	68
24	65536	26	53
58	16384	60	63
65	65536	66
13	262144	24	39	47
48	262144	58	65
68	65536	70
39	16384	40
46	16384	48	57
67	65536	68
2	65536	15	31	51
40	16384	42
15	65536	20
30	65536	34	67
41	16384	46
14	16384	18	41
12	262144	15
27	16384	30
28	262144	40
8	262144	14
47	16384	48
22	65536	27
20	65536	23	28	39
0	262144	14
53	65536	60
1	16384	20	43	47	61
18	65536	22	67
16	65536	22	59
43	16384	46
6	16384	18	25	57
32	65536	36
4	16384	16	35
25	262144	29	37	49
7	262144	16
36	65536	38	43
31	65536	32
59	262144	69
23	65536	25
35	262144	36
54	262144	56
69	65536	70
3	262144	23
10	262144	21	27	35
51	65536	54
64	65536	69
29	65536	30
21	65536	24	26	31
52	16384	54
56	65536	64
5	262144	17	29	45
45	262144	50
19	65536	21	51	53
49	65536	52
55	16384	56
50	16384	52
17	65536	19	49
70	16384	
42	65536	44	55
44	262144	50
11	16384	17	61
57	16384	58
