node	size	children
7	262144	9	32	34
23	65536	31	36
8	262144	19	20	42
32	16384	37
19	16384	21	40
11	262144	23
1	16384	11	32
17	65536	19
43	65536	48
3	65536	11	28
28	65536	29	46
15	65536	17	18
42	262144	43
46	16384	47
13	262144	15	24
40	262144	43
47	65536	49
12	65536	13	26
36	262144	39
49	262144	
9	65536	12	24
2	262144	15	22	36
39	262144	41
4	16384	9	44
48	262144	49
44	16384	45
38	262144	39
45	65536	47
37	16384	48
18	16384	27
41	65536	45
34	65536	37
5	16384	12
35	16384	41
21	16384	25	34
31	65536	35
20	16384	21
29	65536	31
25	16384	33
27	65536	29
24	262144	25
22	262144	27	38
33	16384	35
0	16384	10	14	16	22	46
30	65536	33
10	16384	13
26	65536	30
6	65536	10	14
14	262144	23
16	16384	17	26
