node	size	children
25	65536	28	29	43
38	16384	44
40	65536	42
4	16384	12	25
44	262144	46
37	262144	40
12	262144	16	21	23
46	262144	48
19	16384	22	37
9	16384	12	49
49	262144	52
55	262144	56	57
3	262144	19
0	16384	19	37
56	16384	59
2	16384	13	39	49
22	262144	24
13	262144	18
54	65536	56
20	65536	22
7	262144	13
18	262144	20	35	55
53	262144	54
17	262144	20
16	16384	18
59	16384	60
42	16384	50
1	262144	16	51
60	16384	
51	262144	59
39	262144	42
58	262144	60
36	16384	38	51
50	16384	54
57	65536	58
28	262144	36
48	16384	50
52	16384	58
26	16384	28	30	31
33	16384	34
45	262144	48
47	262144	52
24	262144	26	30
43	65536	44	45
21	262144	26
11	65536	14
6	65536	24	41
30	16384	32	43	55
31	65536	36
41	262144	46	47
14	16384	17
32	16384	34
10	65536	15	41
23	262144	31
8	16384	14	27
27	16384	29	33	53
34	262144	38
15	65536	17	33
29	16384	32
5	16384	15	35
35	262144	40	45
