node	size	children
78	16384	81
25	65536	26	33
62	16384	66
19	262144	21	35
77	262144	78
22	16384	25	37	67
60	65536	62
14	16384	19	53
81	65536	82
18	262144	22
59	16384	60
53	16384	54
79	65536	81
7	65536	18
58	65536	62
54	65536	64
6	65536	18
9	262144	16	79
37	262144	38
57	16384	58
46	16384	54	59
16	65536	19
34	65536	36	37
56	65536	58	71
8	16384	16
45	262144	46
82	262144	
32	65536	34
71	65536	72
3	65536	30	45
30	65536	32
80	16384	82
72	262144	76
29	65536	32
75	65536	80
28	262144	30	61	69
33	65536	34
76	262144	80
26	16384	28	59
52	65536	60	75
24	262144	28	49
73	65536	76
10	262144	24	33
2	65536	24	51
48	262144	52
36	65536	42
40	65536	44	73
42	65536	48	63
51	16384	56
35	16384	40	41	43
27	65536	36	39	65
12	16384	20	29	53
31	16384	38	51
38	262144	42	63
4	16384	27	45
41	65536	46
21	65536	23	69
0	65536	27
20	262144	22
23	16384	25	31
43	65536	44
63	65536	68
65	65536	70
13	262144	20	55	77
68	65536	72
17	65536	23	73
70	65536	74
44	16384	50
55	262144	56
66	65536	68
1	65536	17	47	57
69	65536	70
50	262144	52
47	262144	48	61
39	65536	40	55
64	262144	66
74	262144	78
49	262144	50
5	262144	26	31	43	47
15	16384	21	39	57
61	262144	64
67	262144	74
11	16384	17
