node	size	children
5	262144	10
34	65536	35
0	65536	12	20
2	262144	10	28
12	16384	15	40
28	65536	30
36	262144	37
4	262144	12	14	24
30	262144	43
14	16384	29	30
37	262144	39
43	262144	45
9	16384	11	14
47	16384	49
1	65536	9	40
42	65536	43
49	262144	
40	16384	41	42
45	16384	47
48	262144	49
41	16384	47	48
39	262144	45
7	16384	9	32
35	65536	41
31	262144	39
33	16384	35	48
26	262144	27	31
32	262144	33
17	16384	19	26	36
24	16384	25	32
15	65536	17
25	65536	37
3	16384	15	16	22
16	16384	21
23	16384	25	31
21	262144	23	36
22	262144	23
20	262144	21
19	16384	22
8	16384	11	20
18	65536	19	28
11	16384	27
6	16384	13	18
27	262144	29
13	16384	17	34
29	262144	33	34
10	65536	13
