node	size	children
55	262144	57
28	65536	29	30
27	65536	31
10	262144	16	28	34	48
53	16384	55
22	262144	27	46	52
16	262144	19	37
52	262144	53
19	16384	22	24	46
0	65536	16	18	30	36
48	65536	53
18	16384	21	54
15	16384	19
37	16384	47	48
12	262144	13	18	38
13	65536	15
20	16384	21	22
6	262144	12
2	262144	13
4	65536	12	38
24	65536	33
38	16384	40
21	16384	25
29	16384	31
33	16384	35
25	262144	27
40	16384	41
30	65536	33
23	16384	25
32	65536	35	40	42
35	65536	39
9	65536	23
3	16384	17	32
34	65536	43
17	262144	23
46	65536	49
8	262144	17	50
49	16384	56
50	262144	51
7	262144	11	20
11	16384	14	24
47	16384	49	52
51	16384	55
45	65536	47
1	16384	11
43	262144	51
14	262144	15	26	34
42	65536	45	54
41	262144	43
5	16384	14	44
44	16384	45
54	16384	56
39	65536	41
56	65536	57
26	16384	29	44
36	262144	39
57	262144	
31	65536	36
