node	size	children
1	262144	25
33	262144	35	86
50	65536	51
52	262144	59
62	65536	69
14	65536	33
51	262144	53
35	16384	39	40	70
81	262144	85
47	16384	51
32	65536	35	36	52
37	65536	47	74
75	262144	81
30	65536	32	34	44	46
31	262144	37	60
72	16384	75
74	65536	75
6	65536	31	54
19	16384	30
54	65536	63	80
4	65536	19	76	80
85	16384	91
76	16384	83
45	65536	49	54	84
83	262144	85
44	262144	45
46	65536	47	76
80	16384	83
41	262144	45	46
84	262144	93
91	262144	95
93	16384	96
40	16384	41	50
90	16384	91
96	262144	97
5	262144	24	40	68
24	262144	29	62
9	65536	23	56
94	262144	96
15	65536	37
3	262144	24	65
97	65536	
65	65536	79
53	16384	57
95	65536	97
34	16384	43	65
21	65536	27
43	262144	53
87	65536	95
17	262144	21
36	262144	43	94
79	262144	87
16	16384	21
78	65536	79
27	16384	31	36	38	48	88
18	262144	19
22	65536	27	62	74
13	65536	29	58	78
29	65536	32
7	16384	22	64
64	262144	67
58	16384	61
61	65536	64
82	65536	87
60	262144	61
23	65536	25	82
57	262144	60
12	65536	23	70
56	262144	57
70	16384	71
8	16384	20	56	66	88
20	262144	22
71	262144	73
73	65536	77
11	262144	20	92
67	262144	73
92	65536	93
66	65536	67	82
89	65536	92
77	65536	81
88	262144	89
69	16384	77
86	262144	89
63	262144	69
68	16384	71	86	90
59	65536	63
49	65536	55	68	72
0	262144	26	66	94
26	16384	28	38
48	65536	49
55	16384	59
2	65536	26
42	16384	55
28	262144	33
39	262144	41	48
25	65536	30	42
10	16384	28
38	262144	39	50
