node	size	children
22	262144	23	54	74
3	65536	22	32	46	54	58	66	68
32	65536	41	52
41	262144	47
39	65536	41
37	65536	39
35	65536	37
33	262144	35	48
25	65536	33
15	65536	25
23	65536	25	38	60
20	262144	23	60
11	65536	20
60	262144	65
65	262144	69
69	16384	81
81	65536	83
79	16384	81
78	16384	79
47	65536	51	78	82
45	16384	47	48	66
48	16384	49
49	262144	53
46	262144	49
66	262144	73
73	262144	75
71	262144	73
68	16384	71
44	16384	51	58	68
51	16384	57
57	65536	59
54	262144	57
59	262144	63	80
55	16384	59
52	262144	55
80	16384	84
84	16384	85
77	262144	84
76	262144	77
0	65536	24
24	65536	27
6	65536	17	76
85	65536	
13	16384	24
83	16384	85
27	65536	29
82	262144	83
16	65536	27
58	16384	61
29	65536	33	42
75	65536	79
26	65536	29
74	262144	75
9	16384	26	72
72	16384	77
38	262144	39
70	65536	71	72	74
40	65536	43
5	262144	18
53	262144	55	70
50	16384	53
2	262144	21	50
21	262144	31	40	44
7	65536	21
31	65536	35
30	262144	31
28	262144	30	76
10	262144	28
19	262144	28
4	65536	19
18	262144	19
1	65536	18	62
62	16384	65	78	82
36	16384	45	62
17	16384	20	36	44
8	16384	17	64
64	16384	67
67	16384	69
63	262144	67
61	65536	63
56	16384	61
43	262144	45	56
42	262144	43	52
14	16384	26	34	42
34	16384	37
12	262144	22	34
