node	size	children
51	262144	57
28	16384	29	38
5	65536	11	18	22
59	16384	
11	65536	17
29	16384	33
7	16384	11
41	65536	45
33	16384	37
40	16384	41
17	262144	19	32
31	65536	33
38	16384	41
8	262144	17	52
23	262144	31
52	65536	53
26	65536	27
10	65536	23
53	16384	58
16	262144	19	26
30	65536	31	44
48	16384	53
3	262144	16
44	262144	47
58	65536	59
0	65536	16	18
19	262144	21	50
37	262144	44
55	16384	58
6	65536	14	24	35
50	262144	55
36	16384	37
14	262144	15	26	28
54	65536	55
2	16384	14
4	262144	12	36
49	262144	51	54
15	16384	23	40
1	65536	13
47	262144	51
39	16384	49
13	262144	15	48	50
45	262144	47
32	262144	39
43	16384	45
12	16384	13	42
35	16384	39
34	262144	43
9	16384	12	20
20	65536	25	30	38	52
46	262144	49
42	65536	43	56
25	16384	34
27	65536	29	46
56	16384	57
21	262144	25	40	48
24	16384	27	46
57	16384	59
18	262144	21	22
22	65536	24	28	36
