node	size	children
36	65536	37
17	262144	19	28	32
37	262144	
16	16384	17
35	65536	37
6	262144	11	16	18	34
11	65536	19	26
34	65536	35
19	16384	23
32	16384	35
23	262144	27
28	65536	29
21	262144	23	32
18	262144	21
15	262144	21
1	65536	7
13	16384	15	26
3	262144	8	10
2	65536	13	24
24	65536	25
25	16384	33
0	16384	9	14
9	16384	11	28
22	16384	25
8	262144	9
5	262144	8	20	22
33	65536	36
20	65536	27
31	65536	33
10	65536	13	15	20
26	65536	31
7	16384	10	16	18
29	262144	31
4	262144	7	12
12	262144	14
27	65536	29	30
14	65536	17
30	65536	36
