node	size	children
90	262144	92
89	16384	90
52	262144	56	57
51	65536	52
56	262144	58
57	16384	61
16	16384	31
11	65536	18	75
18	65536	23
15	262144	18	37
37	65536	40	41	45	89
40	16384	48
36	16384	40
35	262144	36
28	262144	34	35
25	262144	28	67	69	73	87
7	262144	25
85	262144	91
0	16384	25	41
41	65536	42
58	65536	66	85
42	65536	46	53
54	16384	58
39	16384	42	83
53	65536	54
5	16384	27	39	49
27	16384	29	35	51
48	262144	54	71
22	65536	27
46	16384	48
45	65536	46	67	73
20	16384	22
4	262144	20
67	65536	68	79	81
13	16384	20
68	16384	72
3	65536	22
29	65536	30	59
62	262144	68
47	262144	50	57	62
2	16384	29	75
75	65536	76
50	65536	52
76	262144	90
44	262144	50
70	16384	76
43	262144	44
61	262144	70	89
38	16384	44	69
31	262144	38	61
34	65536	38	79
1	262144	31	55
55	262144	56	81
79	262144	80
9	16384	19	43	55
80	262144	86
19	262144	30
72	262144	80
14	16384	19	65
69	262144	72
65	262144	70
86	262144	88
30	65536	32	43	65
83	16384	86
32	16384	34
88	262144	91
12	65536	32	49
87	262144	88
49	65536	60
84	65536	87
60	262144	64
82	65536	84
59	65536	60	63
78	65536	82
63	16384	64
77	262144	78
17	262144	21	47	51	63	77
73	65536	78
21	262144	24	85
74	16384	82
10	262144	21
66	65536	74
24	65536	26
64	65536	66
6	262144	24
26	262144	28	33
71	262144	74
81	65536	84
23	16384	26
8	262144	23
91	16384	92
33	16384	36
92	16384	
