node	size	children
61	65536	65
6	262144	22	48	52
11	262144	27	36
52	262144	53
59	65536	61
60	65536	61
36	16384	43
63	16384	73
53	65536	57	60
58	16384	59
43	16384	45
62	16384	63
42	16384	45	58
51	65536	53	62
30	65536	43
45	65536	51
37	65536	39	42
49	65536	51
54	65536	59
24	65536	25	30
47	16384	49
19	16384	37	52
5	16384	24	64
57	262144	65	76
3	65536	19
44	262144	47	72
64	65536	67
9	65536	19	38
56	262144	57
38	262144	41
67	16384	71
22	16384	24	44	46
76	65536	78
41	262144	50
66	65536	67
7	65536	22	28	34
28	262144	29
68	262144	69	76
71	65536	77
39	16384	41
29	65536	31	54
78	262144	79
70	262144	71
33	16384	39
25	65536	29	36	38	58
72	16384	78
0	16384	16	70
12	16384	21
31	16384	33
17	16384	25
79	262144	
77	262144	79
21	16384	23	62
50	262144	55
15	262144	17	32	66	70
75	16384	77
8	65536	21
32	262144	35	50
10	65536	15
74	65536	75
46	65536	47
23	262144	31
35	262144	37
1	16384	15	40
73	16384	75
4	16384	18
40	65536	49	56	74
2	65536	20
20	65536	23	66	68
34	16384	35
69	65536	73
18	16384	20
14	262144	17	26	40
55	262144	63
65	262144	69
16	262144	18	26
26	16384	27
48	262144	55
13	262144	16	60
27	16384	33	54
