node	size	children
0	262144	22	78
22	262144	37	58
8	16384	22	50	64	88
50	262144	51	80	92
13	262144	26	50	80	82	84
26	65536	30
1	65536	26	88
88	16384	89	90
89	16384	91
87	65536	89
85	16384	87
83	65536	85
82	16384	83
41	262144	43	82
35	16384	41
33	262144	35	38	42
9	262144	33	34
34	262144	39	52
27	16384	30	34	62	64
6	262144	27
10	65536	27	38	84
38	16384	42	90
42	65536	43
43	16384	47	62
47	262144	49	86	92
45	65536	47
40	16384	45
16	262144	32	40	54
32	16384	35	60
29	262144	32	68
25	65536	29	56
66	262144	67
17	16384	25
31	65536	33	66
5	65536	25	40
56	65536	57	74
24	16384	31
57	262144	59
2	65536	24	72
72	65536	77	94
53	65536	57
77	65536	79
52	262144	53
75	262144	77
46	262144	53	66
70	65536	75
23	262144	28	36	46	48
74	262144	75
12	65536	23	36
79	16384	81
36	65536	37
76	65536	79
37	16384	39
81	16384	87
39	262144	45
78	262144	81
20	262144	23
94	262144	95
4	262144	20	68
95	65536	98
68	65536	69	70
93	16384	95
69	16384	71	76
86	16384	93
63	65536	69
62	16384	63
90	262144	93
58	262144	63
98	65536	99
15	65536	19	58
96	262144	98
84	65536	91	96
19	16384	21
14	16384	19
91	16384	97
21	65536	28
97	65536	99
11	16384	21
92	262144	97
99	16384	
28	16384	29	44	72
44	65536	49
3	16384	24
18	16384	31
7	16384	20	44
49	65536	51	74
73	262144	85
51	65536	55
71	16384	73
55	262144	59
60	65536	71
54	65536	55
30	65536	41
59	16384	61
80	65536	83
61	16384	65
48	65536	61
65	65536	67
64	65536	65
67	16384	73
