node	size	children
38	65536	39	44	50
35	65536	37
14	65536	15	20
6	16384	12	18	20	38
34	262144	35
12	65536	16
10	65536	14
33	65536	37
7	16384	12	24	29	32
20	65536	23
32	65536	33	38
24	16384	34
2	65536	15
46	262144	47
18	16384	21	24
28	16384	41	42
21	16384	25
42	262144	51
19	16384	21
51	16384	53
3	16384	19
53	262144	55
16	65536	19
4	262144	11	18
37	16384	39
11	262144	14
49	16384	53
8	65536	16	52
52	16384	54
48	262144	49
5	16384	11	26
26	65536	27	46
47	65536	49	52
55	16384	
27	262144	33
45	262144	47
54	65536	55
25	16384	27
41	262144	45
50	262144	54
23	262144	25	32
40	16384	41
30	16384	31
31	16384	35	40	48
22	65536	23
36	262144	43
29	262144	31	36	46
43	262144	45
9	262144	13	22	50
13	65536	22	44
1	262144	17	29	30
39	262144	43
17	65536	28
0	16384	13
44	16384	51
15	262144	17
