node	size	children
5	65536	22	31
61	16384	62
22	262144	27
66	262144	70
8	262144	22	29
27	16384	28
63	16384	66	71
28	262144	30	35
71	262144	74
30	262144	42
74	16384	78
24	16384	30
70	262144	74
11	16384	24	53
65	65536	70
53	262144	54
57	16384	65
54	65536	56
78	262144	80
56	16384	58	71
76	16384	78
50	262144	56	79
73	262144	76
44	262144	50
72	16384	76
19	262144	20	39	41	44
68	65536	72
12	262144	19	43	69	73	77
80	65536	83
43	65536	50	75
75	16384	80
40	65536	43
69	65536	75
39	65536	40	59	79
83	262144	84
59	16384	64
79	262144	83
35	16384	36	59
84	16384	
36	65536	40	67
82	16384	84
67	65536	72
81	262144	82
64	262144	67
77	262144	82
52	65536	64
48	65536	52
20	16384	25
47	65536	48	69
21	262144	24
42	65536	46	47	55	61
2	65536	21
38	262144	42
1	65536	21
3	262144	17
32	65536	38
23	16384	32
4	65536	23
6	65536	23
46	16384	52
41	65536	46
55	16384	60	68
60	16384	62
58	16384	60
62	16384	66	68
13	16384	18	33
18	65536	20	63
9	16384	18	33
33	16384	34	81
34	262144	36
29	16384	34
16	16384	19	29
0	16384	16
14	65536	16	51
51	16384	58
17	65536	27	51	57
15	262144	17	45	47	65	73
45	262144	48
25	262144	26	45	57
7	16384	25	49
49	65536	54
37	16384	38	49	77
26	262144	28	37
10	65536	26	31
31	16384	32	41
