node	size	children
11	65536	14	25
54	16384	58
59	16384	61
41	262144	42	57
14	262144	16	27
47	262144	54
6	65536	18	41
1	16384	14
42	262144	44
35	65536	38	47	49
16	262144	19
40	65536	42
38	262144	40
3	65536	16	31
31	65536	32
36	65536	40
37	16384	38
2	65536	12	29	31
32	16384	36	43
12	16384	17	21
49	65536	55
23	65536	32
55	65536	56
10	65536	12
4	262144	15	23	49
17	262144	22	39
51	16384	52	55
15	16384	20	35
7	65536	17	45
52	65536	61
20	262144	22
45	16384	48
50	16384	52	57
19	262144	20	33
39	65536	45
46	262144	50
53	16384	54
5	65536	19	29
48	16384	56
29	16384	30	53
43	262144	50
44	65536	48
30	262144	34
57	16384	58
34	262144	44
58	262144	60
24	262144	30
28	262144	34
60	16384	62
61	16384	62
21	65536	24
26	262144	28
0	65536	13
56	16384	60
22	65536	24
18	262144	26	37
13	262144	15	46	51
62	16384	
8	262144	13	25	33	59
9	65536	18	27	41
25	65536	26	46
27	65536	28
33	65536	36	53
