node	size	children
30	16384	36
15	262144	24
29	16384	30
3	65536	15
12	65536	15	17
36	65536	38
7	65536	12	13	16
0	16384	10	23
31	16384	36
13	16384	22
10	16384	13	14
17	262144	18
22	65536	24	29
2	65536	10	25	27
25	262144	26
21	262144	22
18	262144	20	25
19	65536	21	27
14	65536	18
9	16384	11	19
5	16384	9
8	262144	11	14	31
4	65536	9
6	65536	8
11	65536	12
1	262144	8	35
35	16384	40
27	65536	28
40	262144	42
28	16384	30
38	65536	40
20	262144	28	39
37	65536	38
16	65536	20	39
33	262144	34	37
39	16384	41
23	65536	26	33
41	262144	42
26	262144	32
34	262144	41
32	262144	34
42	262144	
24	16384	32
