node	size	children
84	65536	88
89	65536	
87	262144	89
85	65536	87
81	16384	85
78	16384	81
79	16384	81
76	65536	79
77	65536	85
0	262144	22
74	262144	77
22	16384	31
52	65536	53	66
5	262144	22	56	76
56	16384	61
66	262144	69
21	16384	25	56
69	16384	71
10	262144	21
67	16384	69
6	16384	21
63	262144	67
25	262144	33	68
54	16384	63
23	65536	25
59	65536	67
3	65536	23	34	38	46
34	65536	35
49	16384	55
16	16384	19	34	48	60
46	65536	49
19	16384	26
2	65536	19	62
62	262144	63	82
68	65536	73
41	262144	47	62
38	262144	39
39	16384	41
30	16384	39	76
14	65536	28	30	54	64
11	262144	23
28	65536	31	80
26	16384	28	80
24	262144	26
9	65536	24	50
50	65536	51	52
37	262144	44	50
33	262144	37	66
32	262144	33	54	60
13	65536	18	32	36	38
18	16384	29	44
12	262144	18	64
64	65536	65
65	65536	75
61	16384	65
60	16384	61
75	16384	77
73	262144	75
71	16384	73
70	65536	71	78
58	16384	59	70
1	65536	24	40	58	84
40	65536	41
15	65536	20	40
20	65536	27
8	16384	20	42	46	78
42	16384	43
36	262144	37	42	70	72
72	16384	79
7	262144	17	72	74
17	262144	27	48
4	65536	17	30
27	262144	29
29	16384	43
43	65536	45
45	16384	49	52
35	65536	45	86
31	262144	35	58
86	65536	87
48	262144	57	86
57	16384	59
55	262144	57
53	16384	55
51	65536	53	82
47	65536	51
44	65536	47
82	262144	83
83	65536	88
80	262144	83
88	16384	89
