node	size	children
4	262144	10	21	27
39	16384	41
21	65536	24
35	16384	41
12	262144	14	21
5	16384	8
8	262144	11
23	65536	24
0	262144	12	17	31
3	65536	8	13	15
17	16384	22	23
24	262144	28
13	65536	14	23	39
22	65536	25
10	16384	12	13	39
18	16384	22
2	16384	10	26
14	65536	18
26	65536	32
25	65536	30	37
32	16384	34	35
37	65536	38
31	16384	32
33	16384	34	37
9	16384	11	19	31
1	262144	9
20	65536	27	33
7	16384	9
11	65536	16
19	65536	20
16	65536	18
15	16384	20
6	262144	16	29
34	65536	40
29	262144	36
40	262144	42
36	65536	38
38	262144	40
30	65536	36
42	65536	
28	65536	30
41	262144	42
27	262144	28	33
