node	size	children
31	16384	35
65	16384	67
27	262144	31	32	66
62	262144	65
34	16384	39
26	262144	27
67	16384	69
24	16384	26	34
64	16384	67
3	65536	24	48
48	65536	53
20	16384	24	64
13	16384	20
53	65536	57
2	65536	20	74
50	16384	53
74	262144	77	80
57	65536	59	60
28	65536	35	74
47	16384	57
15	16384	28	66
44	262144	47
66	16384	75
9	16384	21	44
75	262144	81
21	65536	26
73	16384	75
19	262144	21	30	32	36	54	76	78
72	65536	73
11	16384	19	44
4	262144	27	56	72
18	262144	19	30
56	16384	73
14	262144	18
1	16384	22	72
81	262144	83
5	65536	18
30	65536	33
76	65536	81
33	65536	37	52
83	65536	86
32	65536	33
79	16384	83
37	65536	41	52	58
78	65536	79
36	16384	37	60
77	16384	79
60	16384	61
71	16384	77
61	262144	63
70	262144	71
59	16384	61
69	16384	71	82
55	16384	59
8	16384	17	56
68	16384	69
17	262144	29	38	40
52	65536	55
63	65536	68
10	16384	17
51	262144	55
58	262144	63	84
43	16384	51	58
29	16384	31	46
84	262144	85
41	262144	43	62
22	262144	29
85	65536	87
40	16384	41
16	16384	22	38
80	16384	85
38	262144	49
23	65536	25	40
87	16384	
7	65536	23
49	262144	51	64
86	16384	87
12	65536	23	42
45	65536	49	50
42	16384	43
82	65536	86
39	65536	45	62
0	262144	28
25	262144	45	54	70
46	65536	47
35	262144	39	46
6	16384	25
54	65536	65
