node	size	children
7	262144	20	50	58	68
48	262144	55
38	16384	45
20	262144	24
65	65536	69
55	16384	57
40	16384	41
24	16384	29
12	262144	17	60	62
59	262144	65
54	262144	55
17	262144	33
2	16384	24	32	66
51	65536	59
66	16384	67
41	16384	47	54
5	65536	17
50	65536	51
33	65536	37	52
67	65536	71
44	16384	47	50	72
37	262144	41	66
31	65536	33
63	16384	67
30	262144	37	38
47	16384	53
26	65536	31	44	46	48
61	262144	63	72
53	262144	57
25	262144	27	30
16	65536	18	26
58	262144	61
52	262144	53
22	262144	25	30
27	65536	39	56	58	64
13	65536	16
57	262144	59
8	65536	22	42
42	65536	49
9	262144	16	70
14	65536	27
72	16384	74
70	16384	74
49	262144	51
56	16384	63
74	65536	75
32	16384	35	42	60	70
45	262144	49
23	65536	25	34	56	62
75	65536	
18	262144	22	32	54
43	65536	45
19	262144	23	34	36
73	65536	75
1	262144	18	28
39	262144	43
68	262144	71
3	65536	19
28	65536	29
71	16384	73
0	262144	19
36	16384	39
11	262144	15	28	40
34	65536	35
64	262144	65
10	65536	21	36	52
15	16384	20
35	16384	43
21	65536	23	38
6	16384	15	46
62	65536	69
60	65536	61
46	262144	48
4	16384	21	68
69	65536	73
29	262144	31
