node	size	children
51	262144	56
40	65536	43
27	16384	29	40
41	65536	51
24	16384	27
32	16384	47
38	16384	41
54	262144	55
21	16384	24
34	16384	38
17	16384	27
22	262144	23
23	262144	29	34
2	16384	17
15	65536	17
18	65536	23	39
5	65536	15
6	65536	12	44
13	16384	18
12	65536	13	32
7	65536	15	42
42	65536	43
3	262144	13	30
10	262144	12	26	54
39	16384	49
36	262144	37	42	54
26	262144	31
49	65536	53
37	16384	41	44	52
20	16384	21	26	28
53	65536	56
35	65536	37
1	65536	11	20
11	16384	19
33	16384	35
52	16384	53
48	262144	49
56	262144	57
31	65536	33
4	65536	11
19	65536	21	25	39
57	65536	
30	262144	31	32
16	65536	19	36
55	65536	57
28	16384	30	46
8	65536	16
47	65536	55
46	16384	50
14	65536	16	18	20	22
45	262144	47
9	65536	14
50	262144	51
0	262144	14	48
29	262144	35	48
44	262144	45
25	262144	33	50
43	262144	45
