node	size	children
75	65536	76
61	262144	70
7	16384	18	29	51	77
60	262144	62
18	16384	21	41
76	65536	78
30	65536	36	61
59	262144	60
16	262144	18	35
72	65536	76
19	65536	30
57	65536	60
3	262144	16
69	65536	72
15	65536	16
56	16384	62
4	262144	19
67	16384	72
35	262144	44	57	63	71
2	16384	19
51	16384	56
36	16384	38
78	262144	81
10	16384	24	35
54	16384	56
52	262144	54	61
11	65536	23
74	16384	78
24	262144	26	67
49	16384	54
50	65536	52
80	16384	82
23	65536	28
73	16384	74
14	16384	24
63	16384	64
44	262144	50	55
21	16384	23
71	16384	74
26	262144	30	33
47	262144	50
43	65536	44
28	262144	32	47	71
5	262144	21	31	51
25	16384	26	45
31	262144	32
77	65536	80
8	65536	27	43
27	16384	28
55	65536	58
0	16384	25
12	262144	22	31
32	16384	34
45	262144	48	55	59
20	65536	27	53
58	16384	68
22	16384	25	49
48	16384	52	69
70	16384	80
13	262144	20
41	262144	42
53	65536	58
17	65536	22	33	43	45
46	262144	48	73
9	16384	20	79
68	262144	70
1	65536	17
42	65536	46	59	65
79	262144	81
6	16384	17	39	75	77
66	16384	68
39	16384	40
38	65536	42
81	262144	82
65	16384	66
82	65536	
34	16384	38
40	262144	46
64	65536	66
37	262144	40
33	262144	34	75
62	16384	64
29	65536	36	37
