node	size	children
26	65536	29	30
5	65536	10	14	18	27	34
49	16384	
10	262144	12	16
24	65536	26	30
47	16384	49
4	262144	10	20
8	16384	15	24
43	16384	47
15	65536	19
20	262144	21	22
41	65536	43
14	65536	15	28	46
9	65536	12	20	26
1	262144	9	22
22	65536	23
28	65536	35
36	16384	41
40	262144	41
23	262144	25
46	65536	48
25	65536	32
29	16384	31	42	46
0	262144	9
21	65536	25
27	65536	29
19	65536	21	40
42	262144	45
17	65536	19	36
45	262144	47
44	65536	45
2	262144	17
16	262144	17
32	262144	33	44
12	16384	16	34	42
33	262144	43
18	65536	23
34	262144	37
13	65536	33	38
37	262144	39
6	65536	13
7	262144	11	40
38	16384	39
35	16384	37
11	262144	13
39	65536	48
31	262144	35	38
3	262144	11	18
48	262144	49
30	262144	31	32	36
