node	size	children
11	16384	13
23	65536	25	38
2	16384	11
13	262144	15	24
18	262144	23
0	65536	29	43
21	65536	23
9	16384	13
29	65536	31	48
14	262144	18	27
48	16384	51
25	16384	29
1	262144	14
51	262144	53
24	65536	25	46
27	262144	32
50	262144	51
17	65536	19	24
32	262144	35
53	16384	57
15	16384	17
35	16384	41
43	262144	53
5	262144	15	20	40
41	16384	47
28	65536	33	34	43
20	16384	21
38	65536	41
6	262144	17	28
3	262144	12	20	36	50
12	65536	14
33	16384	37
47	262144	49
26	16384	33
7	65536	12	42
49	16384	54
42	65536	47
57	262144	
45	16384	49
40	262144	42
55	262144	57
39	16384	45	46
22	65536	26	40
52	16384	55
37	16384	39	52
10	16384	16	18	22	32	35
54	65536	55
34	65536	37
16	16384	19
46	16384	54
31	65536	34	44
8	65536	16
19	16384	21
36	262144	39
30	65536	31	36
44	65536	45
4	65536	11	30	48
