node	size	children
20	262144	22
48	262144	50
16	262144	20	25	29	31	39	41
1	16384	14
46	65536	48
14	65536	16
11	16384	16
45	262144	46
12	16384	14	19	27	47
8	262144	11	35
42	262144	46
35	65536	38	49
3	262144	12	17	33
17	16384	22
38	65536	40
41	16384	42
37	65536	42
6	16384	12	17	19
40	65536	44
19	16384	26	35	47
50	16384	53
36	262144	40
26	16384	28
49	16384	50
34	262144	36
23	262144	26
53	16384	54
32	65536	34	43
9	16384	10	23
10	262144	18	37
31	16384	32	45
54	16384	
4	262144	10	23
52	262144	54
27	262144	28	31
18	16384	20
39	65536	52
28	65536	30
15	16384	18	49
47	65536	52
30	262144	36	51
2	16384	15
13	262144	15
29	16384	30
25	16384	32
5	65536	13	21
0	262144	11	29
7	16384	13	25
33	16384	34
21	16384	24
51	16384	53
24	65536	38
43	65536	44	51
22	262144	24	33
44	262144	48
