node	size	children
15	16384	18	43	62
32	65536	42
43	262144	44
73	262144	74
25	16384	28	33	43
53	262144	54
4	16384	25	35
35	16384	36	71
75	262144	76
45	262144	52
27	65536	30	35	37
12	262144	27	51
88	65536	
71	16384	78
51	262144	58
1	65536	27	51	57
8	262144	26
49	262144	56
57	16384	60
60	16384	64
10	16384	25
58	16384	60
56	65536	58
54	16384	56
52	262144	54	75
50	65536	52	55
30	65536	50
6	16384	30
48	65536	50
44	262144	48	59
41	262144	44	47
28	262144	33	41	49
24	16384	28	39	55
11	262144	24	34
34	16384	36
7	65536	21	34	67
21	16384	23	67
3	65536	21	41
23	16384	31	85
31	65536	32	49
29	16384	31
2	262144	29
26	16384	29
22	262144	26	47
9	65536	22	69
69	16384	72
64	262144	68	69
63	16384	64
61	65536	63
59	262144	61	65
65	16384	66
66	65536	72
55	65536	66	79
79	262144	84
77	262144	79	81
68	16384	70	77
67	16384	68
70	262144	82
62	16384	70	81
47	65536	48	62
81	262144	82
82	16384	87
87	65536	88
78	262144	87
76	16384	78
74	262144	76
72	65536	74	80
80	65536	84
20	262144	24	80
5	65536	20
13	16384	20
84	65536	86
86	65536	88
85	262144	86
19	262144	22	39	45	85
17	16384	19
14	65536	19
39	65536	40	61
40	262144	46
33	65536	40
46	262144	53	75
42	16384	46
38	65536	42
36	65536	38
0	65536	18
37	16384	38
18	16384	23	71
16	16384	32	37	73
