node	size	children
15	65536	16	23	25
52	65536	56
39	262144	42
3	65536	15	35
51	16384	52
58	65536	60
35	65536	38	47
56	16384	59
55	262144	58
30	262144	32	35
54	65536	56	57
60	262144	
28	65536	30
50	16384	54
59	16384	60
27	16384	28	47
48	16384	50
57	16384	59
8	16384	18	27
18	65536	22	33
47	262144	48
44	65536	46
16	65536	18	37
46	16384	48
41	65536	44
7	262144	16	31
43	16384	46
31	65536	40
38	65536	44
2	262144	12	43
23	65536	24	31	51
37	16384	38
12	65536	15	29
14	16384	19	23	49
49	65536	50
11	262144	12
5	262144	17	49	53
40	65536	42	55
29	16384	32
13	16384	14
53	65536	54
0	65536	26
9	16384	14
26	16384	34	41
24	16384	28
32	262144	34
6	65536	13	21
21	262144	24	39
22	16384	26	29	43
34	65536	36
10	262144	13	21	45
20	16384	22	51
36	16384	40	55
45	16384	52
17	65536	20	57
33	65536	36
19	65536	20	45
1	16384	17	25
25	65536	30
4	262144	19
42	262144	58
