node	size	children
20	16384	23	27
37	16384	38
17	262144	20
40	16384	
23	16384	26
33	262144	34
0	262144	10	23	31
31	262144	33
10	65536	13	35
28	16384	31
7	262144	10	14
14	16384	16	37
25	16384	28
8	16384	12	14
22	65536	28
5	16384	8	24	25	37
24	16384	27
16	65536	22	35
27	262144	39
12	262144	16	21
39	16384	40
21	262144	22
36	65536	39
35	16384	36
34	16384	36
4	65536	11
6	262144	8
32	262144	34
11	65536	18	29
26	16384	30	32
2	262144	11	15
15	16384	18
18	16384	26
13	65536	15
30	262144	38
3	16384	9	13	17
29	65536	30
9	262144	12	17	21
1	262144	9	19
38	16384	40
19	16384	20
