node	size	children
54	16384	61	68
33	262144	37	54
32	65536	33
14	262144	24	32
24	262144	26
7	16384	24	52	64
52	65536	53
53	262144	55
48	65536	53
20	65536	22	48
11	16384	20
3	65536	20	30	34
30	16384	35	54
8	16384	25	30
25	65536	29	60
5	65536	25	38	40	42
38	16384	41
6	65536	18	38	82
18	65536	23	68
15	16384	18	34
34	262144	37
37	262144	49
49	16384	59	66
45	16384	49
44	16384	45
43	16384	45	64
39	16384	43
31	262144	39	50
23	262144	31	46	50	72
1	16384	23
46	262144	47
47	65536	57
41	16384	47	60
40	65536	41
60	16384	63
63	16384	69
69	262144	77
62	16384	69	71
59	16384	62
57	262144	59	66	80
55	65536	65	84
56	262144	57	76	84
65	65536	67
28	16384	35	56
64	65536	65
86	65536	88
22	262144	28
10	262144	22
13	262144	19
4	16384	28	56
35	16384	51
51	65536	55	78
50	16384	51	71
71	65536	73
73	65536	81
70	262144	73	86
67	65536	70
66	65536	67	76
76	65536	78
78	65536	79
79	16384	83
77	65536	79
74	65536	77
83	65536	87
82	16384	83
87	16384	89
80	262144	87
89	262144	
88	16384	89
85	65536	88
81	16384	85
75	65536	81
0	16384	17	40	44
72	65536	75
17	65536	27
2	262144	21	72
12	262144	17
21	262144	29	36
16	16384	21	42
27	16384	33	74
26	65536	27
42	262144	43
19	65536	26
29	16384	31
9	65536	19	58
36	65536	39
58	16384	61
68	16384	75
61	65536	63
84	65536	85
