node	size	children
45	262144	47
42	16384	45
9	262144	23
40	16384	41
44	16384	45
3	65536	17	38	40
8	16384	21	44	50
17	16384	20	42	64
21	65536	31
20	262144	21	32	82
4	16384	17	80
80	16384	83
11	16384	20	52	54
55	16384	59	80
54	65536	55
53	262144	55	72
82	65536	84
52	65536	53	58
84	262144	85
41	16384	43	52
81	262144	84
6	262144	41
77	16384	81
43	65536	47	48
37	262144	43
75	16384	77
35	262144	37
72	262144	75
33	262144	35
76	262144	77
32	65536	33	46
78	16384	81
27	16384	32
70	262144	73	78
60	65536	69	70
25	65536	27
19	16384	28	60
12	65536	25	46	50	70
46	16384	49
14	65536	19
49	16384	51
15	65536	19
51	65536	53	62
69	16384	73
73	262144	79
48	16384	51	66
79	262144	83
66	16384	71
74	262144	79
71	65536	75
50	65536	57	74
68	262144	71
57	16384	59
24	262144	29	68
0	16384	18	30
18	65536	23
56	65536	57
10	65536	24	58
59	16384	61
1	262144	18	34
58	65536	63
34	16384	39
83	16384	85
63	65536	65
39	65536	49
85	262144	
62	16384	63
38	16384	39	56
22	65536	24
65	65536	67
36	262144	37	38
7	65536	22
64	262144	65
31	16384	33	36
5	16384	22
16	65536	25
29	65536	31	76
67	262144	69
13	65536	27
61	262144	67	78
28	65536	29	48
47	65536	61
26	65536	28	40	66	82
30	262144	35
2	262144	26
23	65536	26
