node	size	children
23	16384	25
37	65536	39
14	16384	23
36	65536	37
8	16384	10	11	14	18	30
33	65536	36
6	16384	8	18
18	65536	19
31	65536	33
19	16384	21
26	262144	31
10	262144	19	28	30	34
30	262144	36
28	16384	29
39	262144	
29	262144	35
38	65536	39
21	65536	29
34	65536	38
17	65536	21
3	262144	13
13	262144	17
4	16384	8
0	16384	7
11	65536	13	14	24
7	262144	10
2	65536	7	12	22
24	16384	27
12	262144	15	22	26
27	16384	31
15	65536	33
25	65536	27	32
9	65536	15
5	65536	9	16
22	262144	25
16	16384	17
32	16384	35
1	65536	9	16	20	32	38
20	262144	23
35	16384	37
