node	size	children
47	262144	48
7	16384	23	39	53	61
33	16384	36
23	65536	25	73
36	262144	40
2	16384	23
25	16384	52	55	85
40	65536	42
14	16384	25	37	45
39	65536	40
37	65536	38	49	85
16	65536	28
38	16384	44	65
9	65536	24	57
34	262144	38	67
32	65536	34	59
31	16384	32	33
29	16384	31
19	65536	29	59
13	65536	19
12	262144	19
59	262144	60
60	16384	62
57	262144	60
15	262144	26	57	69
26	262144	29
69	65536	72
28	262144	30	69	75
27	262144	28	75
11	65536	27	89
89	65536	91
91	16384	92
86	65536	91
82	16384	86
1	262144	22	35
80	16384	82
22	262144	26	73	87
78	16384	80
21	16384	22	50
73	16384	78
5	65536	21	51	53
76	16384	78
51	16384	54
72	16384	76
30	65536	34	51
71	262144	72
24	262144	30
63	16384	68	71
17	65536	24	83
83	262144	86
61	16384	63
68	16384	70
56	262144	58	83
53	16384	56	61
64	16384	68
54	262144	64
52	65536	54
50	262144	52
62	16384	64
58	262144	62
48	262144	58
44	65536	48
42	65536	44
41	262144	42	43
4	65536	20	41
20	65536	27
0	65536	20
43	16384	46	65
35	16384	36	39	43
18	16384	32	33	35
8	65536	18
3	65536	18	45	47
45	65536	46	77
46	262144	49	55
49	16384	66
66	262144	74	77	81
65	65536	66
74	65536	76
70	65536	74
67	65536	70
10	262144	31	67
77	262144	80
81	262144	84
84	65536	88
79	16384	84
6	65536	21	79
88	65536	90
87	16384	88
75	262144	82	87
90	65536	92
85	262144	90
92	16384	
55	65536	56
