node	size	children
11	65536	13
31	65536	35
7	65536	11	14
28	262144	31
2	16384	7
4	65536	7
20	16384	28
14	16384	21
35	65536	37
9	65536	14
1	16384	9	12
29	16384	35
12	16384	13
24	65536	27	29
0	65536	8	12	20
8	262144	9	16	20
27	262144	33
3	65536	8	10	26	32
10	262144	15
25	65536	27
5	262144	10	16
22	65536	25
16	262144	17
33	65536	36
17	16384	19	24	29
32	16384	33
13	16384	17
36	16384	37
19	262144	23
34	65536	36
23	262144	25	28
37	262144	
21	262144	23
18	65536	21	22
15	262144	18	30
30	65536	31	34
6	65536	11
26	262144	30
