node	size	children
58	262144	63
14	262144	23
11	65536	15	48
65	16384	67
8	262144	17	32	58
31	16384	35	64
47	262144	49
17	65536	25	30
61	262144	65
29	16384	31
44	262144	47
51	65536	61	74	76
0	16384	17	36
36	262144	43
22	16384	29
46	16384	47
50	262144	51
43	16384	45
54	262144	55
1	262144	22
45	65536	51
35	262144	37	42	70
41	65536	43
60	16384	61
40	16384	45	76
30	16384	35
38	262144	41	60
59	16384	69
76	16384	77
24	262144	27	30	48	50
27	16384	29	38	64
56	16384	59
77	16384	79
6	65536	24
25	16384	27	44
69	16384	75
13	65536	24	32
75	16384	77
21	65536	25	54
32	262144	33	40	66
74	16384	78
73	16384	75
18	65536	21
33	65536	37	56
78	16384	79
72	16384	73	74
71	65536	78
37	16384	39	54
15	16384	18
52	262144	53	72
66	262144	71
39	65536	41
53	65536	57
7	262144	15	26
5	262144	18
26	16384	28	46
67	262144	71
34	16384	39
42	262144	53
10	16384	16
28	16384	33
20	65536	21	34
79	65536	
16	16384	22
57	65536	59
12	262144	19	28	40
70	262144	73
3	16384	20
55	16384	57	60
2	16384	20	68
4	16384	16	62
19	16384	23	52
62	65536	63
68	65536	69
48	16384	49
49	262144	55
63	16384	67
9	262144	19
64	16384	65	68
23	262144	31
