node	size	children
38	16384	41
2	16384	10
7	262144	10	22
33	65536	37	38
22	262144	29
27	16384	33
29	65536	39
37	16384	39
25	65536	29
35	262144	37	42
24	65536	25
34	262144	35
0	262144	12	14	16	24
12	65536	19	20	34	38
32	16384	35
6	262144	12	28
28	262144	31
20	65536	23	32
31	16384	33
8	262144	9	20
42	65536	44
30	262144	31
5	262144	11
44	65536	45
11	262144	13	24
21	262144	27	30	32
9	262144	11
39	16384	44
19	16384	21	30	36
3	262144	9	26
45	65536	
26	262144	27
17	262144	19	36
43	262144	45
23	65536	25	26
16	65536	17
40	65536	43
18	16384	23
14	65536	16
1	262144	15	18	42
4	16384	17
15	16384	21	40
36	16384	41
13	65536	15
41	16384	43
10	262144	13	22
