node	size	children
10	16384	17	67
69	16384	72
29	65536	30	33
18	262144	21	29
67	16384	70	75
36	65536	38	43	69
22	16384	28	29	39	55
1	262144	18	31
70	16384	72
31	16384	32
19	262144	36	49
6	65536	22	71
68	262144	70
71	65536	78
8	262144	19
32	16384	34
2	65536	19
61	16384	64	71
66	16384	68
28	65536	32
49	16384	50
20	65536	23	61
0	262144	21	41
34	65536	36	43
27	65536	28
64	65536	66
14	16384	20	77
63	262144	68
43	65536	44
25	65536	27
72	262144	76
77	16384	80
3	262144	25
38	262144	40	79
4	262144	25	59
11	16384	24	77
76	16384	80
59	262144	60
37	65536	38
24	262144	26	37	51	79
75	262144	76
60	262144	62
39	16384	40	47	54	73
13	16384	16	35
40	65536	42
51	16384	52	75
23	16384	24	54
79	262144	81
57	65536	60
16	65536	27	53
12	16384	23	41
52	16384	55
81	262144	82
5	16384	18	57
7	262144	16	35	45	47	51
62	16384	66
35	16384	48
54	65536	56	63
78	65536	81
55	65536	58
58	65536	62
80	16384	82
48	262144	52
56	262144	64
74	16384	78
53	16384	58	65
44	16384	48
46	65536	56	69
82	16384	
73	262144	74
50	262144	53	67
42	262144	44
30	16384	46
15	16384	20
47	16384	50
26	262144	30
41	16384	42
65	16384	74
9	65536	17
17	65536	22	65
45	262144	46
21	262144	26
33	65536	34	39
