node	size	children
0	16384	18	37	67	73
37	65536	40
17	262144	22	57
61	65536	62
73	16384	74
35	65536	36	37
12	16384	17
68	65536	74
40	262144	48	61
36	65536	38
22	16384	30	61
66	16384	68
34	65536	40
6	65536	16	35	59
16	16384	25
38	16384	44
13	262144	22	57
64	16384	66
48	16384	50
14	16384	16
33	65536	38
57	65536	60
63	65536	64
45	16384	48	77
25	16384	27	69
24	262144	26	33
60	262144	70
67	65536	68
43	16384	45	49
23	65536	25
70	65536	72
7	65536	24
2	262144	21	29
26	65536	34	51	65
49	16384	50
8	262144	23	41
65	65536	70	71
74	262144	78
3	262144	26	46	67
41	65536	42	47
44	262144	49
71	65536	72
46	16384	52
42	65536	44	51
11	16384	19	39	41
15	16384	17	53
18	16384	20
72	262144	79
52	16384	66
39	16384	42
19	262144	24	63
79	262144	80
47	16384	52	55
9	262144	19	31
51	262144	54
31	262144	32
1	16384	28	47
76	65536	79
54	16384	58
28	262144	34
32	65536	36
75	16384	76
50	65536	54
27	65536	28	39
30	262144	32	35
69	65536	76
58	16384	60
21	262144	27	43	71
29	262144	30
80	65536	
56	262144	58
10	262144	21	59	75
5	262144	20	29	63
78	262144	80
55	16384	56
20	16384	23	53
59	65536	62
77	262144	78
53	262144	56
62	65536	64
4	16384	18
