node	size	children
9	262144	25	51
25	65536	26
2	65536	25
26	262144	29
13	16384	26
52	262144	54	55
50	262144	52
48	262144	50
47	65536	48	73
73	65536	78
34	65536	36	69	73
12	262144	34
36	262144	40
32	262144	36
28	16384	32
14	65536	28
27	262144	28
69	65536	74
78	16384	80
75	16384	78
8	16384	22	35	75
35	16384	38
80	16384	82
76	65536	80
72	262144	76
71	262144	72
70	16384	72
67	262144	70
64	16384	66	67
63	65536	64
62	262144	64
60	16384	62
56	65536	60	85
54	262144	56
49	262144	54
41	65536	46	49
17	16384	30
46	262144	58
30	16384	32
58	262144	60
29	65536	30
57	262144	58
23	262144	29	61	79
55	262144	56
16	65536	23	39
85	16384	86
39	65536	42
86	65536	89
42	262144	48
89	65536	90
37	65536	42	61	87
87	262144	89
22	262144	27	37	83
90	262144	
5	16384	22	33	57
33	262144	34
88	262144	90
4	16384	21	33	43	69
83	65536	88
21	262144	23
82	65536	88
19	262144	21	83
79	65536	82
7	65536	19
61	262144	62
10	16384	19	37	45	47
45	16384	46
24	262144	27	45
18	16384	24
11	262144	18
15	65536	18
20	262144	24	75	77
3	262144	20	43
43	262144	44	71
44	16384	50
40	262144	44	67
38	262144	40
31	65536	38	41
1	16384	31
6	16384	31	53	63
53	65536	68
68	262144	70
66	65536	68
65	262144	66	81
0	16384	20	65
81	16384	84
84	65536	86
77	16384	84
74	262144	76	77
59	16384	74
51	262144	52	59
