node	size	children
59	262144	64
51	65536	59	63
0	65536	29	49	51	65
29	65536	30
10	262144	29
49	65536	53
53	65536	60	81	93
81	262144	84
84	262144	88
83	65536	84
4	262144	20	83
88	262144	90
86	262144	88
85	262144	86
13	262144	31	33
74	16384	82	85	89
31	262144	32
73	262144	74
24	16384	31
82	16384	86
14	16384	24
79	16384	82
23	262144	24	35	77
89	262144	92
7	16384	23	37	39
87	65536	89
37	65536	38	39
38	262144	40	41	45
9	65536	26	87
26	16384	28
36	16384	38
25	65536	26
33	16384	36
15	16384	25
34	262144	36	67
5	16384	25
92	262144	94
3	16384	34
32	16384	34
90	65536	92
30	262144	32	85
94	16384	
28	16384	30
93	16384	94
20	65536	28	59
65	262144	68
1	65536	20	42	57
42	16384	44	73
63	262144	64
76	65536	78
8	16384	21	42	43
21	16384	22	45	69	81
6	262144	21
22	262144	27
2	16384	22
27	262144	40
18	65536	27	43
17	16384	18
16	16384	18
43	65536	48	57
48	16384	52
46	262144	48	54
39	65536	46	69	73
69	262144	80
80	65536	90
78	65536	80
77	262144	78
11	262144	19	77
19	65536	23	71
12	262144	19
71	262144	76
54	65536	56	71
47	262144	50	54
45	16384	47
50	65536	52	53
40	65536	50	61
61	262144	62	67	79
62	65536	66
60	16384	62
56	16384	60	75
55	262144	56
35	16384	41	55
41	16384	44
44	16384	46
75	16384	76
57	16384	58	63	75
58	16384	66
52	262144	58
66	16384	72
72	65536	74
70	65536	72
67	16384	70
68	65536	70
64	16384	68
