node	size	children
50	65536	54
35	16384	38
13	262144	15
45	262144	50
31	262144	34	35
3	65536	13
64	262144	
4	262144	13
2	16384	17	31	47
1	16384	15	53
17	262144	22
53	65536	58
62	262144	64
14	65536	17	29
60	65536	62
58	65536	60
11	16384	14	44	55
56	65536	58
57	65536	60
44	16384	48
52	262144	56
42	262144	46
48	262144	50
36	262144	42
49	65536	52
46	65536	48
27	65536	36
41	65536	52
0	16384	19	33	49
19	262144	20	29
34	262144	36
43	262144	46
9	16384	12	41
12	262144	18	43
32	16384	43
33	262144	34
6	262144	19
20	65536	24	39
7	16384	12	59
29	65536	32	51
59	16384	62
8	65536	14	21
18	65536	20	27
21	65536	28
51	16384	54	57
30	65536	32	35	47	59
5	262144	18	25	27	61
28	262144	30	37
25	16384	26
24	65536	30
47	65536	51	55	61
37	16384	38
55	16384	56
23	16384	24	39
26	16384	28	44	45
22	262144	26	45
61	65536	63
39	262144	40
16	262144	22	23	37
63	262144	64
40	65536	42
10	16384	16
38	65536	40	57
54	262144	63
15	262144	16	23
