node	size	children
22	16384	25
54	262144	56
50	16384	51
17	65536	22	26
23	16384	35	52	54
53	65536	55
11	16384	17	29
19	65536	23
52	16384	53
10	262144	11
18	16384	19
55	65536	57
6	65536	11
1	16384	19
7	16384	14	54
29	65536	31	40
35	65536	39
47	16384	55
31	16384	33
44	16384	47
32	65536	35	44
27	65536	31
26	262144	27	32
9	16384	16	22	44
57	16384	
33	262144	37
16	16384	17	26
56	262144	57
28	262144	33	40
13	16384	16	42
49	65536	56
40	262144	41
3	16384	13	38
38	262144	39
46	16384	49
41	262144	43	50
39	65536	45	48
30	16384	41
0	262144	15	29	46
45	262144	47
43	16384	49
15	262144	21
42	65536	45	46
37	16384	43
8	262144	15
21	262144	28	34
25	65536	27	42
36	16384	37
20	262144	21	28	38
24	16384	25
34	65536	36	48
4	16384	14	18	20	30
5	16384	12	24
48	262144	51
14	262144	23
12	65536	13
51	262144	53
2	262144	12
