node	size	children
50	65536	52
17	16384	18	23	25
56	65536	59
49	65536	50
14	16384	17	33
54	16384	56
47	65536	50
4	65536	14
3	262144	15
12	65536	14	37
51	65536	54
24	16384	28	47	57
43	65536	51
22	262144	24	53
1	65536	12
11	16384	12	39
0	16384	16	43	55
18	65536	22	27	31
55	65536	59
39	16384	42
27	262144	28
59	16384	60
37	65536	39
28	262144	30
60	262144	
33	262144	34	37
30	262144	32	55
58	16384	60
34	16384	38
26	262144	30	41
57	65536	58
31	65536	34
6	65536	13
13	16384	26
41	262144	42
53	65536	58
23	16384	26	31
7	65536	13	21	35	49
42	262144	48
10	262144	19	23
21	262144	24
35	65536	36
48	262144	56
19	16384	20
16	16384	18	21
46	65536	48
2	16384	19
8	262144	16	40
20	262144	22	25	27	41
38	262144	46
40	16384	44	51
5	262144	20	29
45	262144	46
36	16384	38	40	43	49
29	16384	44
15	262144	17	45
32	16384	36
44	262144	52
25	65536	32	47
52	65536	54
9	262144	15
