node	size	children
30	65536	31
41	262144	43
0	16384	9
35	65536	41
9	65536	21
38	65536	41
23	65536	35
8	262144	9	18	24
18	262144	19
47	262144	
22	16384	23	24	28	38
12	65536	15	18	20
45	16384	47
24	262144	25
10	16384	12
44	16384	45
25	262144	29	38
3	65536	10
4	65536	10
19	65536	25
40	16384	45
7	65536	12	16	30
16	65536	19	30	40
29	65536	33
20	16384	23
6	16384	13	14	16	32
28	262144	29
1	16384	11
13	262144	22
33	16384	39	44
11	262144	13
32	16384	33
5	65536	11	14	36
14	65536	15	26	34
39	16384	43
15	65536	17
37	262144	39	42
17	262144	21
34	16384	37
2	65536	17
36	16384	37
21	16384	27	42
42	16384	46
27	65536	31	36
46	262144	47
26	65536	27
31	262144	35
43	262144	46
