node	size	children
50	65536	55
1	262144	17
35	65536	41
23	16384	27	38
61	262144	63
34	16384	35
22	16384	23	30	56
60	16384	61
38	16384	39	50
7	65536	18	22	24	42
18	262144	29	42
56	65536	57	60
39	16384	45	52
57	16384	59
9	262144	18	32
24	16384	39
32	65536	33
5	16384	13	28
59	262144	64
13	16384	15
45	262144	47	62
8	262144	19	24	32	49
19	262144	21
64	16384	65
6	16384	13
31	65536	45
15	65536	20
62	65536	64
3	65536	19	26	60
27	262144	31
26	16384	27
0	16384	15	46
65	262144	
28	16384	31
11	65536	16	26	34
46	65536	48
63	65536	65
47	262144	53
16	262144	20
48	65536	59
58	65536	63
53	16384	57
17	16384	23	49
10	65536	16
43	262144	47	48
52	262144	53
20	262144	25
41	16384	43	58
30	16384	37
49	65536	51	52
25	65536	29	38
37	262144	41
51	16384	54
21	65536	25
36	65536	37
44	262144	51
2	65536	21	40
12	16384	14	36	56	62
40	16384	43
42	262144	44
14	262144	17
29	262144	33
54	65536	55
4	262144	14
33	65536	35
55	16384	61
