node	size	children
32	65536	38
11	65536	12	17
34	16384	38
31	16384	32
8	65536	11	15	19	31
33	65536	34
2	16384	8	19
27	16384	32
19	262144	25
23	16384	30	33
44	16384	
9	262144	10	21	23
25	65536	30
4	16384	9
3	65536	9	13
0	65536	12	25	26
13	16384	14
12	16384	18
21	262144	24
18	16384	20	35	41
24	65536	28	37
17	16384	18	41
22	65536	24
41	16384	43
20	16384	22
43	65536	44
7	16384	20
36	262144	43
28	262144	36
35	16384	36
26	65536	28
5	65536	8	15	35
37	16384	40
15	16384	16
40	262144	42
16	16384	22	27
39	65536	40
14	262144	16
30	262144	39
10	262144	14	26
42	65536	44
6	16384	10	29
29	65536	34	37
38	16384	42
1	16384	11	23	27	33
