node	size	children
23	65536	29
21	262144	23
15	262144	21
20	65536	21	24
2	16384	9	17	20
9	16384	15
29	16384	34
8	262144	9	10	12	14
6	262144	8	12
27	65536	29
12	65536	13
22	16384	27
13	65536	15
17	262144	22	30
5	262144	13	14	17	30
14	262144	16	20
30	16384	31
16	262144	19	32
31	16384	33
3	262144	10	16
10	65536	11
28	16384	31
11	65536	25	26	28
33	16384	35
7	65536	11
32	65536	33
1	262144	7
4	262144	7
35	65536	
25	65536	27
34	16384	35
24	65536	25	32
26	262144	34
18	16384	19	24
0	262144	8	18
19	262144	23
