node	size	children
7	262144	11	14	40
37	262144	40
31	16384	33
11	16384	15	19
36	65536	37
30	16384	31
6	65536	11	16
48	16384	49
16	65536	18
28	16384	31
9	65536	12	16
42	65536	48
2	16384	17	28
3	65536	9	22	24
17	262144	29
49	262144	
22	262144	41
29	65536	37
47	65536	49
14	65536	17	22
25	65536	29
46	262144	47
4	16384	14	18	20	30	46
18	16384	21	32
20	16384	25	44
23	65536	25
21	65536	23
44	16384	47
19	65536	23
15	262144	21	34	38
41	65536	43	44
5	65536	10
13	16384	15	20
39	65536	41
12	16384	13	30	42
32	65536	39
35	262144	39
10	262144	12	32
34	65536	35
8	16384	10	24	36
24	16384	27	34
43	16384	45
27	16384	33
38	65536	43
26	16384	27
0	262144	9	38
45	262144	48
1	65536	13	26
33	16384	35
40	65536	45
