node	size	children
12	65536	16	48
47	262144	49
1	65536	12
6	262144	12	22
43	65536	47
22	16384	23	44
8	16384	11
3	65536	13	22	32	44
39	65536	43
11	16384	14
32	65536	33
37	65536	39
9	262144	11
33	65536	35
14	16384	15	32	50
2	262144	37
31	16384	37
30	262144	33	46
10	262144	14	42
35	16384	39
7	16384	19	20	30	40
42	65536	43
20	65536	21	26
45	65536	47
36	262144	38	42
21	262144	27
38	65536	45
18	16384	23	24	34	36
17	262144	21
41	262144	45
15	16384	17	18	40
0	262144	17
40	16384	41
27	262144	31
4	65536	15	28
34	262144	41
26	262144	27
28	16384	29
44	65536	49
24	16384	25	26
48	262144	54
29	262144	31	34
53	65536	55
25	16384	35
19	262144	29
52	262144	53
23	16384	25	46
16	65536	19	52
55	16384	
46	16384	51
13	262144	16
54	16384	55
51	65536	53
5	262144	13	48	50
50	262144	54
49	16384	51
