node	size	children
7	65536	9
32	16384	33
4	65536	7	11	22	28
11	16384	15	32
35	65536	
15	16384	27
34	65536	35
13	65536	15	20	26
29	65536	34
12	65536	13
24	16384	29
1	16384	12	14	30
22	262144	24
14	16384	23	24
28	65536	34
23	16384	29
9	65536	13
21	16384	23	25
3	262144	9
20	16384	21
19	262144	21
5	16384	8
17	262144	19
18	65536	19
25	262144	31
31	65536	33
0	65536	10	12	20
10	16384	17	26
30	262144	31
8	262144	10	14	22
27	262144	30
2	262144	8	16
16	262144	17
26	16384	27
6	16384	7	11	16	18
33	65536	35
