node	size	children
49	65536	50
37	16384	38
55	65536	58
1	65536	13	25
50	65536	52
38	262144	44
56	262144	58
58	65536	61
25	65536	28
46	16384	50
35	262144	38
39	16384	40
15	65536	18	25
43	16384	46
8	16384	17	35
6	262144	15	45
17	262144	18	53	55	57
42	65536	56
45	65536	46
2	262144	15
4	65536	17
40	16384	42
27	16384	30	45
18	65536	22
3	65536	20	41	49
36	262144	40
0	16384	16	27
22	65536	24	35
16	16384	19	23	37	39
33	262144	36	47
7	262144	22
5	65536	16	21
24	262144	26	39
47	65536	48
21	262144	30
23	16384	24
48	262144	60
14	262144	19	21	33
26	65536	28
12	262144	14	31	59
44	16384	48
20	16384	26	43
10	262144	12
28	65536	44
19	262144	20	53
11	262144	12
60	65536	62
53	65536	54
31	65536	34	51
57	65536	60
54	262144	56
62	16384	
34	16384	36
52	65536	54
32	65536	34
61	16384	62
51	262144	52
30	65536	32
59	16384	61
41	16384	42	51
29	65536	32	37
9	262144	13	23
13	65536	14	29	59
