node	size	children
45	16384	
24	16384	25	30
11	16384	15
13	65536	16	24	34
8	16384	11
1	16384	11
5	262144	13	20
14	262144	15	26
16	65536	17	22	40
7	16384	10	14	38
22	262144	25
10	262144	13
25	16384	27
4	262144	10	32
32	16384	35
27	16384	29
35	16384	44
29	65536	34
44	16384	45
34	65536	37
42	65536	44
37	65536	41
21	65536	27	42
33	262144	37
20	16384	21
28	65536	33
6	262144	9	20
41	16384	43
9	262144	23	40
3	16384	9
40	16384	41
0	262144	12	18	35
23	65536	29
12	65536	18	30
43	16384	45
18	16384	23	26
2	65536	12	19
39	65536	43
19	65536	21
26	65536	31
36	16384	39
17	16384	19	36
31	16384	33
38	65536	39
15	16384	17	28
30	16384	31
