node	size	children
30	16384	36
18	262144	22	27
0	16384	10	30
15	262144	18	19	33
10	262144	12	37
6	16384	15	19	21	25
2	16384	10
19	16384	26
36	65536	40
26	65536	29
34	262144	36	39
9	16384	13	21
29	16384	32
33	65536	34
13	65536	14
32	16384	34
39	262144	40
11	262144	13
31	262144	32
7	262144	11
40	262144	44	47
4	262144	11	41
8	16384	15	25	31
41	262144	42
44	16384	46
25	16384	28
46	16384	49
42	262144	44
28	65536	48
38	16384	42
43	262144	46
27	16384	28
37	16384	38
49	16384	50
48	65536	50
47	65536	49
23	262144	26	37
45	16384	48
14	65536	16	23
50	16384	
21	262144	22	45
5	65536	14
35	65536	38
22	65536	24	33
16	65536	20
24	262144	30	35	43	47
12	16384	16	39
20	65536	24
3	16384	12	17	31
17	16384	18	27
1	262144	20
