node	size	children
17	65536	23	49
24	262144	25	32	38
34	16384	35
23	16384	29
13	262144	21	24	34
0	16384	13	34	48
16	262144	23	40
39	262144	47
12	65536	13
14	16384	16
37	16384	39
8	16384	12	36
36	262144	37
9	65536	14	20	26
47	16384	52
20	65536	25
15	16384	17	18	20	36
46	65536	47
25	16384	27
3	16384	15	32
32	65536	33
4	262144	14	46
26	16384	29
52	262144	54
33	65536	37
29	16384	41
49	262144	52
31	65536	33	46
41	262144	43
7	16384	16	49
28	65536	31	50
54	16384	55
43	16384	51
55	262144	
42	262144	43
2	65536	12	28
53	16384	55
50	262144	53
51	262144	53
27	65536	30	42	44	50
48	65536	51
21	262144	27	54
45	262144	48
19	65536	21	22
1	65536	11
44	16384	45
11	65536	15	26
18	16384	19
40	262144	45
10	16384	11	38
5	16384	19
35	65536	39	40
22	65536	31
38	16384	41
30	16384	35
6	16384	17	22
