node	size	children
14	65536	15	24
12	16384	13	28
0	262144	7	14	16
28	65536	31
7	16384	11	12
6	262144	7	18	26
31	65536	33
18	65536	19
29	16384	31
19	16384	21
26	65536	29
16	262144	19
33	65536	35
10	262144	13	16	20	22	28
35	262144	
2	262144	10
1	65536	9	10
34	16384	35
9	262144	11
8	16384	9	12	26
27	65536	34
3	65536	8	22
22	16384	25
24	16384	27
25	16384	29	32
5	65536	8	24
32	262144	34
23	65536	25
17	262144	23
11	16384	17
20	65536	23	30	32
30	16384	33
21	262144	27	30
4	65536	15
13	262144	21
15	65536	17
