node	size	children
54	16384	56
53	65536	54	73	82
73	262144	76
70	262144	72	73
69	262144	70
67	65536	70
6	16384	27	67
72	262144	74
71	65536	72	83
83	262144	85
85	65536	90
90	262144	92
89	16384	90
81	65536	84	89
78	262144	80	81	87
80	262144	86
76	262144	80	91
75	262144	76
91	16384	92
92	65536	94
94	65536	
93	262144	94
87	262144	93
88	262144	93
84	16384	88
74	65536	84
64	16384	74	79
61	16384	64
79	262144	81
86	65536	88
82	65536	86
3	262144	18	82
52	65536	54
51	16384	52
36	65536	42	47
8	262144	36
35	65536	36
33	65536	34
65	65536	66
22	65536	25
11	262144	22
25	65536	26
17	16384	25	38
38	16384	40
27	16384	29	38	87
7	16384	27	77
77	65536	78	85
26	65536	28	55	71	77
2	16384	26
28	65536	30	59	63	75
30	262144	32	33	43	59	61
29	262144	30
23	262144	29	63	69
1	65536	23
63	65536	68
68	65536	78
66	262144	68
40	16384	66
34	262144	40
16	16384	19
32	65536	34	41
19	262144	20
31	262144	32
14	65536	19
13	262144	31
20	262144	23	35
18	65536	31	89
0	262144	20	57
10	65536	18	43
57	16384	58
43	65536	44
4	16384	24	39	57
24	16384	28
44	65536	52	53
9	16384	24	45
45	16384	46	53	61
42	262144	44
46	262144	48
41	262144	42	49	51
39	16384	46
49	262144	62	71
21	65536	37	39
62	262144	64
5	16384	21
15	262144	21
60	16384	62
37	16384	48	67	75
59	65536	60
48	16384	50
58	262144	60
50	262144	55
56	16384	58
47	65536	50
55	16384	56	65
12	16384	22	47
