node	size	children
61	65536	67
39	16384	41
34	65536	41	47
77	16384	
60	16384	61
38	262144	39
18	16384	22	34
75	262144	77
67	16384	73
27	65536	29	38
10	262144	18	26
74	65536	75
62	262144	67
23	262144	27	70
26	262144	31
71	262144	74
73	262144	75
21	65536	23
0	16384	20	26	60
69	262144	71
20	262144	35
70	262144	73
19	16384	21	56
58	65536	69
42	16384	43	70
14	262144	19	38
6	16384	20
68	16384	69
43	262144	45
35	262144	37	64
12	262144	19	36
1	16384	16	47	66
65	65536	71
45	65536	51
33	16384	35
36	16384	39
63	65536	65
44	65536	45	58	68
32	16384	33
56	65536	59
64	65536	65
13	262144	17	32
29	65536	37	44
59	65536	62
66	262144	74
17	65536	27	48
25	262144	29
57	16384	59	66
11	262144	24
15	65536	17	28	58
5	262144	25	76
50	65536	57
76	65536	77
30	16384	31	50
7	16384	15
3	65536	23	40	48	50	60
53	65536	55	76
2	262144	15
40	16384	43
31	16384	33
28	262144	32	52
51	16384	53
24	16384	25	30	40	62
52	65536	53	63	68
48	262144	49
46	262144	51
4	65536	16	30	42	44
49	262144	52	63
22	65536	24	54
16	262144	18
9	262144	21
37	65536	46
8	262144	22
41	65536	49
54	65536	61
55	65536	57
47	65536	55
