node	size	children
71	65536	72	75
59	262144	60
54	16384	58
44	65536	46
75	262144	76
60	65536	66
51	262144	54
40	65536	44
76	65536	79
66	65536	68
15	16384	16	51	57
79	16384	80
34	262144	40	77
61	16384	66
16	262144	26
77	65536	78
41	16384	46	61
73	16384	79
9	16384	16
80	16384	
2	16384	28	41	69
78	65536	80
26	16384	34	43	45	73
28	65536	30
13	16384	22	39
69	262144	78
25	65536	26
68	65536	74
39	262144	42
32	65536	36	69
12	65536	25
67	16384	68
30	65536	32
42	65536	50
8	262144	23	43	53
23	65536	27
20	16384	25	31	65
74	16384	76
31	65536	42
27	262144	30	31	41	49	53
21	262144	23
6	16384	20	33
72	16384	74
22	16384	27
33	65536	34
50	65536	54
5	262144	21	55
70	16384	72
43	16384	44
18	16384	22	29
24	16384	28	33
55	16384	56
64	16384	70
0	262144	18	37
19	65536	24
49	262144	52	55
3	65536	21
37	262144	38
62	262144	64
1	16384	17	49
11	262144	19
38	262144	40
17	262144	18
53	16384	62
14	262144	19
4	262144	17	47
36	65536	38	67
57	16384	62
47	16384	52
7	262144	24	45
35	262144	36
45	262144	48	71
63	65536	64
52	262144	56	63
29	262144	32	35	59	65	75
65	16384	70
48	65536	50	73
56	65536	58
10	65536	20	29
46	262144	48
58	262144	60
