node	size	children
84	262144	86
83	16384	86
81	262144	83
77	262144	81
76	262144	77
60	16384	67	76
74	262144	77
80	16384	81
78	65536	80
62	16384	65
15	65536	28
12	16384	17
44	262144	63
9	262144	24	46	60
1	65536	19	44
24	16384	26	36	70
19	262144	22	66
7	16384	24	36
4	16384	19
36	16384	37
22	16384	29	50	78
37	16384	39
8	262144	22	38
34	262144	37
38	65536	45
25	16384	27	34
45	16384	51
51	262144	53
20	262144	25	32	72	76
18	65536	20
53	16384	55
52	262144	53
5	65536	18
14	262144	18	42
50	16384	52
42	262144	43
55	262144	59	82
43	262144	45
54	16384	55
39	65536	43	74
59	16384	61
27	262144	39	50	66
57	65536	59
17	65536	27
49	262144	57
0	262144	17	56
47	65536	49
56	16384	57	78
48	262144	51	56	80
46	262144	47
41	262144	47
29	65536	31	34	48	54
35	16384	41
28	262144	29
10	262144	28	40	48	62
11	65536	35
32	262144	41
40	262144	49
16	262144	23	40	68
61	16384	63
58	16384	61
23	16384	25	58
82	16384	83
13	65536	23	30	60	73
68	16384	79	82	84
30	262144	31	32	64
79	65536	85
31	262144	33	70
72	16384	79
33	65536	35
85	16384	87
26	65536	33
21	65536	26
75	16384	85
3	65536	21
71	262144	75
6	262144	21	64
64	262144	69
70	262144	71
66	262144	71
69	16384	72
73	262144	75
67	65536	69
65	65536	67
2	65536	20	73
87	65536	
63	65536	65
86	262144	87
