node	size	children
92	262144	
58	65536	60
90	65536	92
56	262144	58	83
87	16384	90
54	262144	56
13	16384	23	87
52	65536	54
50	16384	52
32	16384	34
48	262144	50
61	65536	62
47	65536	48
51	65536	56
45	262144	54	61
15	65536	21	37
24	262144	28	45	59	73
42	65536	46
11	65536	24
8	65536	24
28	65536	31
2	65536	28
31	262144	38	63
29	262144	31
26	65536	29
4	262144	26
63	16384	64
64	65536	72
60	16384	64
55	16384	60
59	65536	66
66	262144	68	79	83
65	262144	66
19	16384	32	65
10	16384	19	85
85	16384	88
0	262144	19	85
88	262144	91
86	65536	88
82	65536	86
80	65536	82
79	262144	80
81	65536	82
84	65536	86
83	65536	84
91	16384	92
89	65536	91
36	16384	42
34	65536	36	53
21	262144	34	47
6	16384	21	49	81
49	16384	52
46	262144	48	49
40	16384	46
39	65536	40
38	65536	40
35	16384	38
14	262144	30	35	43
30	16384	32	57	67
16	65536	30	41	55
41	65536	42	45
25	65536	26	35	41	65
3	16384	25	69
69	16384	70
23	262144	25	69
5	65536	23	43
43	65536	44	51	71
44	262144	50
37	262144	44	57
27	65536	29	37
7	16384	27	75	87
75	262144	76
76	262144	90
68	65536	76
62	262144	68
57	16384	62	67
67	65536	70	81
70	262144	74
1	16384	20
20	262144	22	53
74	65536	84
12	65536	20
72	65536	74
22	65536	27	59	63
71	262144	72	77
77	262144	78	89
18	262144	22	39
78	262144	80
9	262144	18
17	262144	18	33	51	79
73	16384	78
33	16384	36	89
53	16384	58	73
