node	size	children
9	262144	24	36
38	65536	43	46	48
62	262144	69
36	16384	39	70
6	65536	20
12	65536	17
48	65536	49
22	16384	27	32	36
71	65536	74
17	65536	24
3	65536	21	48	54
67	65536	71
15	65536	22
21	65536	25	32
10	16384	17	26	46	66
11	16384	15	34
66	16384	67
32	65536	41
26	16384	29
34	262144	35	62
60	65536	67
41	16384	55
20	16384	21	26	38	72
35	16384	39
74	65536	75
39	65536	41	54
4	16384	20	28	38	56
33	65536	35
75	16384	
28	65536	29
54	65536	55
27	65536	33
73	262144	75
14	65536	18	28
55	16384	61
70	16384	73
25	16384	27	70
61	262144	63
18	65536	22	42
72	262144	73
19	16384	25	30
59	16384	61
13	65536	18	40	66
8	262144	19	64
52	65536	53
57	65536	59
40	65536	45	62
64	262144	65
1	65536	23	52
45	262144	50	58	60
23	16384	31
65	16384	74
51	262144	57
44	262144	51
63	65536	65
43	262144	45
2	16384	23
31	262144	33
42	262144	43
50	262144	51
53	262144	63
30	65536	31
56	65536	57
29	16384	37	42	44
49	65536	53
16	262144	19
58	16384	59
47	262144	49	68
37	16384	47	64
0	16384	16
5	65536	16
68	16384	69
46	16384	47	68
24	16384	37
7	65536	15
69	262144	71
