node	size	children
11	65536	19
9	262144	23	32	64
23	262144	27	32
12	65536	19
27	65536	33	66
17	262144	22
33	16384	35
15	262144	17
32	16384	33	62
13	262144	17
62	262144	63
51	16384	53	62	68
1	262144	26
28	65536	29
50	65536	51
7	16384	28	46
46	65536	47
45	16384	51	72
53	16384	63
47	16384	65
52	16384	53
16	65536	21	30
43	262144	47	56
42	65536	43
21	262144	25	36
63	262144	67
10	65536	21	44
38	65536	43
67	65536	69
44	262144	45	50
56	65536	57
66	65536	67
36	262144	37	44	50	52
69	16384	77
0	262144	18	56
18	16384	23	48
37	16384	45
68	262144	71
4	16384	18	80
48	16384	49
80	65536	81
35	65536	37	42
34	262144	35
8	16384	28
81	16384	83
58	262144	59
77	16384	81
25	16384	27	34	82
14	65536	31	60
3	65536	25	74
72	65536	77
74	65536	75
60	16384	61
54	65536	55	72
75	16384	79
70	262144	73
5	65536	24	54	64
73	16384	75	76
24	65536	30
20	16384	24	40
71	262144	73
6	16384	20
65	16384	71
2	262144	20	84
84	16384	86
61	262144	65
86	262144	87
59	16384	61	78
83	65536	86
57	65536	59
79	16384	83
55	262144	57
49	262144	55
76	16384	79
87	262144	
41	262144	49	78
85	16384	87
39	16384	41	70
82	65536	85
31	262144	39
78	262144	85
29	262144	31	38	58
40	65536	41
26	65536	29
30	65536	39
22	16384	26
64	16384	69
19	262144	22
