node	size	children
12	16384	14	28
9	65536	11	20
0	262144	9	10	12
14	16384	16	30
10	262144	11	12	36
30	262144	33
3	262144	7	10	17
7	65536	13	18
33	16384	35
1	16384	7
13	16384	20	22
32	65536	33
2	262144	13
29	65536	32
20	262144	21
27	65536	29	36
21	262144	26
18	16384	25	27
17	16384	21
25	65536	29
26	65536	31
24	16384	25
16	16384	19	26
36	16384	37
4	16384	8	16	18
37	16384	
8	262144	15	24	32
5	16384	8
35	65536	37
15	16384	19	27
31	262144	35
11	16384	15
19	65536	23
23	65536	28	30
22	65536	23
28	16384	31
6	262144	9
