node	size	children
27	65536	29	36
7	65536	27	34	58
34	16384	35	42	60	80
14	65536	19	34	64
19	65536	31
15	262144	19	74
74	65536	79
79	65536	81
78	65536	79
41	65536	45	66	78
39	65536	41
37	65536	39
36	65536	37	40
40	16384	43
43	65536	49	76
42	16384	43	48
48	16384	53
53	65536	67
52	16384	53	54
49	16384	51	52
45	16384	49
38	65536	45
24	262144	37	38
22	16384	24
12	65536	22
4	16384	22
51	16384	55
47	16384	51
46	65536	47	66
66	262144	67
67	262144	69
69	16384	71
64	65536	69
71	262144	75
68	65536	71
61	65536	65	68
59	16384	61	70
58	65536	59
70	65536	75
31	262144	35	70
35	262144	39	62
62	16384	63
63	65536	65
50	65536	63	82
82	16384	84
84	16384	85
80	16384	84
2	65536	17	80
85	262144	
83	65536	85
10	65536	18
81	65536	83
76	262144	81
18	65536	20	32
11	262144	18
77	65536	83
75	16384	77
20	65536	24	58	72
73	65536	77
17	16384	20
13	262144	17	30
72	16384	73
65	16384	73
30	16384	40
6	65536	21	30	46	50	56
60	262144	61
21	65536	26
3	65536	21	44
26	262144	27
44	262144	47
9	16384	26
0	262144	33	44
33	262144	41
32	16384	33
1	262144	23	32	62	68	74
23	16384	25	72
16	65536	23	56
56	65536	57
57	65536	59
55	262144	57
54	16384	55	60
8	65536	25	38	46	54	64
25	65536	28	48
28	262144	29	42	52
5	16384	28
29	65536	31
