node	size	children
10	16384	17	27
56	65536	57
22	262144	26
52	65536	53
27	262144	31
9	262144	18	22
53	262144	58
18	65536	19
19	16384	23
31	16384	35	52
51	65536	53
7	262144	18	42
8	262144	14
28	262144	31	34
42	65536	45
50	262144	51
0	262144	13	28	38
34	16384	35	40	42
13	262144	16
49	262144	51
35	16384	37
43	262144	49
5	16384	13
16	262144	25
37	16384	41
40	16384	43
14	65536	16	24	54
33	65536	37
38	16384	43
3	262144	14	32
30	16384	33	50
32	16384	39	48
58	16384	61
12	65536	20	30	36	38
24	262144	29	32
61	262144	63
36	65536	39
21	262144	24
60	65536	61
39	65536	41
4	16384	21
46	65536	47	60
6	65536	21
41	16384	48	60
63	16384	65
29	65536	33
48	262144	55
54	16384	63
25	262144	29
57	16384	62
55	16384	57
11	16384	15	46	56
23	65536	25	46
65	16384	
15	65536	17	27
47	16384	55	56	59
20	262144	23
62	65536	65
45	262144	47
1	65536	15
59	262144	62
17	65536	19	34
2	65536	20	26	28	44	49	59
44	16384	45	52
26	262144	30
