node	size	children
81	16384	84
78	262144	81
68	65536	69	78
34	65536	35	59	68
6	65536	18
5	16384	20	34
35	65536	45	56
18	65536	24
23	65536	35	54
14	262144	18
19	16384	23	56
24	262144	28
2	262144	19
22	16384	24	50
0	16384	19	66
66	16384	67
12	262144	22	30
41	65536	43	66	70
30	262144	31
40	16384	41
28	262144	30
15	262144	28
17	65536	22	40	68
9	16384	17
31	65536	33	64
3	65536	17	32
29	65536	31
32	16384	33
33	65536	41
27	16384	29	72
43	16384	51
10	65536	27	60	74
60	16384	63
51	65536	53
50	65536	51
63	262144	67
53	16384	57
62	16384	63	78
49	16384	55	62	76
47	16384	53
42	65536	47	72
48	262144	49	62	64
72	16384	73	76
20	16384	26	42	48	74
73	16384	79
7	262144	20	36
36	16384	37	52
67	262144	73	82
8	65536	25	36
25	65536	27	46
82	262144	83
16	65536	25
83	16384	85
46	65536	47	50
77	65536	83
37	65536	39	46
76	262144	77
11	65536	37
75	262144	77
39	16384	43
71	262144	75
38	262144	39
70	65536	71
26	262144	29	32	38
54	16384	58	70
21	65536	26	48	82
58	16384	69
4	65536	21	80
80	65536	84
56	262144	58
69	262144	75
84	16384	85
65	262144	71
61	262144	65
59	65536	61
45	65536	49	59
44	65536	45
13	16384	23	44
57	262144	61
55	65536	57
52	65536	55
64	16384	65
85	16384	
79	65536	81
74	262144	79
1	262144	21
