node	size	children
39	16384	41
9	65536	11
19	16384	23	32
6	65536	9
37	65536	39
38	16384	41
8	262144	9	20	30
0	65536	19
20	262144	21	22
36	262144	37
17	65536	19
48	65536	49
21	262144	23	24	40
13	65536	17
49	262144	
16	16384	21	28	34
23	262144	25
2	262144	15	16
47	262144	49
25	65536	29
15	262144	17	26	32
44	262144	47
22	16384	25
14	16384	15
42	16384	47
29	16384	33
5	16384	10	14
10	16384	14	46
27	65536	29
3	65536	10
24	65536	27
46	16384	48
26	262144	27
30	65536	31	46
33	16384	43
31	262144	38
18	65536	33
28	16384	31
43	16384	45
4	16384	12	28
12	262144	13
40	262144	43
7	16384	12	34	42
45	65536	48
34	262144	35	36
41	262144	45
35	262144	37	40
1	65536	11
32	262144	35
11	65536	13	18	39	44
