node	size	children
25	16384	28
32	262144	41
18	65536	25	35
24	16384	32
16	16384	18
22	65536	24
14	65536	16
20	262144	22
13	262144	14	20
19	262144	22
7	65536	9	13	26
21	16384	24
9	65536	10	19
0	262144	9
4	262144	8	21
10	65536	19
30	262144	32
3	262144	10	17	29	31
42	16384	
17	65536	18	25
40	16384	42
29	16384	37
6	65536	12	15
39	65536	40
37	16384	38
12	16384	14
38	16384	41
11	16384	12	15
2	262144	16
36	262144	38
8	262144	11	20	21	26	29
5	16384	11
1	262144	8	33
34	262144	36
33	65536	40
31	16384	34
23	16384	30	33	39
26	262144	34
15	16384	23	27
35	262144	36
27	16384	28
41	16384	42
28	262144	30
