node	size	children
35	65536	38
23	16384	25	28
31	65536	35
11	262144	23	32
28	65536	31
9	16384	11	26
6	65536	9	20
24	65536	31	34
20	262144	21	24
34	262144	35
21	262144	25
15	16384	21
1	16384	11
13	65536	15
10	65536	12
25	65536	29
2	16384	7
7	65536	9	14
29	16384	37
0	262144	7	22	30
22	262144	27
27	16384	29
14	16384	15	22
26	16384	27
5	65536	8	13	14	18
37	16384	39
8	65536	10
4	65536	8	16
36	16384	37
16	65536	17
39	65536	
17	262144	19	20
38	262144	39
12	262144	17
33	65536	38
3	16384	12	18	24	36
18	262144	19	32
32	65536	33
19	262144	23	34
30	65536	33
