node	size	children
44	65536	46
21	65536	23
4	16384	12
24	65536	27	42
29	16384	37
13	262144	21	36
42	262144	43
20	262144	21
10	262144	13
43	262144	45
8	262144	9
6	65536	10	16
37	65536	43
16	16384	19
3	65536	10
36	65536	37
0	65536	16	26	44
26	65536	35
32	65536	36
35	65536	41
25	262144	28	32	34
33	16384	35
28	16384	33
31	262144	33
34	16384	39
30	262144	31	38
39	16384	41	44
18	262144	25	30
38	262144	39
41	16384	45
9	16384	12	18
1	16384	9	14	20	40
45	16384	47
14	65536	17	24
47	65536	
17	65536	19	38
5	16384	11
46	16384	47
15	65536	17
11	65536	15	20
22	16384	23	28
40	65536	46
7	16384	15
2	16384	11	22
19	262144	27	29
12	262144	13	30	40
27	16384	31
23	262144	25	34
