node	size	children
44	16384	49
42	65536	46
9	262144	16	24	29	47
43	65536	44
16	65536	21
35	65536	42
49	262144	50
14	16384	16	17	24	37
25	65536	28	35
47	262144	49
7	262144	14
21	262144	22	25
50	262144	
4	65536	14	18	37
18	262144	20
22	16384	30
48	65536	50
20	16384	22
30	262144	32
46	65536	48
17	16384	20	45
29	65536	30
45	262144	46
12	65536	17
32	262144	34
41	262144	48
2	16384	12	23
28	262144	32	43
23	262144	36
6	16384	11	41
11	16384	12
27	262144	28	31
19	16384	23
8	16384	11	25
31	65536	38
5	16384	13
0	16384	15	19	27
15	262144	26
26	262144	31
13	262144	15	21
24	16384	26	33
10	16384	13
33	262144	34
3	262144	10
1	262144	10	39	47
34	262144	36
39	16384	40
36	65536	38
40	16384	42
38	262144	44
37	16384	40
