node	size	children
25	65536	26
11	262144	18	29	43
51	65536	54
8	65536	14	25
18	262144	21
54	262144	56
22	65536	24	25	37
14	16384	18	47
53	65536	54
24	65536	28
3	262144	14	46
56	16384	59
21	16384	24
46	262144	50	55
44	65536	56
28	16384	33	55
13	65536	20	21	22	46
43	65536	44	49
33	262144	40
7	16384	13	57
59	262144	60
57	65536	58
17	65536	19	33
58	262144	60
55	65536	59
4	65536	17	41
5	65536	17
60	262144	
52	65536	58
1	65536	16
19	16384	20
16	65536	28	29
37	65536	38
50	16384	52
10	16384	19
15	16384	16	37
48	262144	50
20	65536	32
6	65536	13
12	65536	15	22	23
47	65536	48
32	262144	34	39
2	65536	12	35
0	262144	12
49	16384	52
35	16384	36
34	65536	40	51	53
38	16384	44	49	53
30	65536	34
27	65536	30	31	35	43
36	65536	38
9	65536	15	27	45
40	262144	42
45	16384	48
31	65536	36
42	65536	51
41	262144	45
23	16384	26	27	31	39
39	262144	42
29	16384	30	41
26	16384	32
