node	size	children
44	65536	45
12	65536	13
33	262144	38
22	65536	25	44
29	16384	33
5	262144	12
16	16384	19
43	16384	45
28	65536	29
1	65536	9
6	16384	16	18
41	16384	43
26	262144	29
18	65536	19	22
34	65536	41
15	65536	18	46
32	262144	34
8	65536	15	20
20	16384	23	24	28	38
39	16384	41
23	65536	31
37	65536	39
21	16384	23	35
38	16384	43
35	16384	37	46
17	16384	21	26
46	16384	47
4	65536	11	17	22
11	262144	27
47	262144	49
3	16384	11
42	65536	47
27	65536	33
19	65536	21	42
25	16384	27	40
0	65536	10	32
49	65536	
10	16384	12
24	262144	25	40
31	16384	37
40	16384	48
2	65536	10	14	26
14	16384	15	30
30	65536	31	36
48	16384	49
9	16384	13	14	35
36	65536	39
45	16384	48
7	16384	9
13	65536	16	34	36
