node	size	children
11	262144	13	20	28
28	262144	33
1	16384	11	18
18	16384	19	24	34
35	16384	37
4	16384	7	18
30	262144	35
7	65536	9
6	65536	7
37	262144	
19	16384	29
36	262144	37
16	16384	19
34	65536	36
29	16384	31
5	65536	14	34
22	262144	25
27	262144	29
20	262144	22
25	65536	27
24	262144	25	32
32	65536	36
23	65536	26	32
2	16384	15
15	65536	21
26	262144	27
14	262144	15	16	20
12	65536	17	26
9	262144	11	12	14	23
17	16384	21
8	65536	9
0	16384	8
21	262144	31
3	16384	8	10	12
10	262144	13	24	30
31	65536	33
13	262144	17	22
33	16384	35
