node	size	children
8	65536	11	14	17
21	65536	24
5	65536	8
11	262144	12	16	35	37
24	16384	28
6	65536	11	13
22	16384	24
13	16384	21
15	65536	19	22	27
7	262144	13	37
37	16384	39
12	16384	15
39	65536	40
0	262144	15	17	23	25
36	65536	39
17	16384	20
34	16384	36
20	16384	28
32	262144	34
1	262144	8
19	65536	20	33
27	262144	32
33	65536	38
3	262144	10	27
38	16384	40
10	65536	12
35	65536	38
9	65536	10	31	33
4	65536	9	29
30	262144	32	35
29	262144	30
23	262144	30
26	65536	29
40	65536	
18	16384	26
28	16384	36
14	65536	18
25	65536	26
2	16384	9	14	16
16	262144	18	21
31	16384	34
