node	size	children
35	262144	37	62
51	262144	57
65	16384	67
33	65536	35
49	16384	51
60	65536	65
37	262144	43	58
47	262144	49
67	262144	
62	65536	63
9	262144	17
34	16384	37	44
43	262144	47
66	262144	67
17	262144	20	26	60
44	16384	45	46
38	262144	43
64	262144	66
13	262144	17	22	30	62
58	262144	61	64
36	65536	38	46
45	262144	49
7	65536	13
6	65536	13	26	50
14	262144	29	36	40
61	16384	66
42	65536	45
26	65536	31	56
54	262144	61
12	16384	14	22	38
31	16384	36
46	65536	53	54
15	262144	18
22	65536	25
53	262144	55
30	16384	31
25	65536	27	58
2	262144	15
52	16384	53
11	65536	19	30	33
10	65536	15
23	262144	25	34
55	16384	59
19	262144	21	42	54	64
5	65536	14
20	16384	23
39	262144	47
16	65536	19
41	262144	55
1	262144	20
0	65536	16
18	16384	23
40	16384	41
3	65536	16	24	28	40
24	262144	32	39
4	65536	18	48	60
59	65536	63
48	16384	52
57	262144	59
32	262144	41	56
21	262144	27	48
56	262144	57
29	16384	32
63	65536	65
8	262144	21
28	16384	29	50
27	16384	35
50	262144	51
