node	size	children
14	16384	22	26
48	65536	51
4	16384	14
22	65536	23
53	262144	55
23	65536	25
5	16384	11	30	50
52	262144	53
11	262144	16
25	262144	27	48
30	65536	37	52
7	262144	11
21	65536	25
37	65536	42
16	16384	19	22
27	65536	29
26	16384	37
0	16384	16
19	65536	21	52
20	16384	27
42	16384	43
15	262144	19
29	65536	31	44
43	65536	49
6	262144	15	18
28	262144	29	40
9	65536	14	24	28
49	65536	54
18	65536	23	28
40	16384	41
47	262144	49
3	262144	12	18	20
12	262144	13	32
41	262144	45
46	262144	47
10	65536	12	36	46
38	65536	41
45	262144	47
36	16384	39
33	16384	35	38	46
44	262144	45
34	262144	35	36	48
31	262144	33
54	65536	55
17	16384	21	30	34
32	65536	33
50	262144	54
13	65536	17	24
35	65536	39
1	262144	13
55	16384	
39	16384	51
24	65536	31
8	262144	17
51	262144	53
2	65536	15
