node	size	children
5	16384	16
14	65536	19	35
24	262144	28
43	65536	44	49
1	16384	14	23	31
44	262144	50
20	16384	24	41
23	262144	26
50	16384	52
3	65536	10	20	25
10	65536	13	39
18	262144	22	23
47	262144	50
0	262144	10	37
17	262144	18	20	21
37	262144	39
52	262144	
12	16384	14	17	33
51	262144	52
39	16384	40
11	16384	12
40	262144	44
49	262144	51
9	65536	11
36	262144	40
4	16384	11	25
48	65536	51
25	65536	46
45	16384	48
32	262144	36	49
46	65536	48
2	65536	12
28	65536	32
31	65536	36
42	262144	46
27	262144	28
41	65536	42	43
6	262144	15	27
15	16384	18	31
21	65536	26	41
13	65536	15	29	45
26	262144	34	47
7	16384	13
34	262144	38	45
29	262144	30
33	262144	34
30	65536	32
8	262144	16
38	16384	42	43
22	262144	30
16	65536	24	29	47
35	16384	38
19	262144	22
