node	size	children
51	65536	54	55
41	16384	42
0	65536	12	45	49
45	65536	46
54	262144	59
44	65536	52
23	262144	26	31	35	45	57
59	262144	60
40	65536	44
57	262144	59
26	16384	36	47
36	262144	40
60	16384	
25	262144	26
35	65536	36	47
58	262144	60
9	16384	14	25	37
2	65536	13	33
47	262144	48
14	16384	19
13	65536	16
53	16384	58
48	65536	50
8	65536	14
11	262144	13	43	51
1	65536	12
19	65536	24
46	262144	48
3	16384	20
43	65536	54
24	65536	32
39	262144	46
7	262144	16	41	43
32	262144	34
16	16384	21
37	16384	38	39
31	65536	32
21	16384	24	27
38	262144	40
29	262144	31
6	65536	17	21	23
33	65536	38	49
17	262144	19	35
5	65536	15	27	29
49	16384	50
15	65536	18
4	16384	17	22
50	262144	52
22	16384	28	57
10	16384	15
28	65536	30	51
52	16384	56
27	16384	30	33
20	262144	28
30	65536	34	53
56	16384	58
18	65536	20
34	16384	42
55	16384	56
12	16384	18	25	55
42	65536	44
