node	size	children
32	65536	33
7	16384	19
60	262144	61
25	65536	31	52
62	262144	65
5	16384	14	60	64
21	65536	25	42	56
53	16384	57	62
64	262144	65
10	262144	15	64
12	65536	21	36	50
49	65536	53
36	16384	37
0	262144	13	48	54
48	65536	49
15	262144	21
13	65536	15
37	65536	41	44
45	262144	49
65	16384	67
4	16384	13	28
34	65536	37
42	16384	45
28	262144	31	40
67	262144	
29	262144	34
52	65536	53
6	65536	16	28	58
51	16384	61
16	65536	17	54
23	65536	29	42
57	262144	59
47	65536	51
14	65536	16	24
20	262144	23
56	262144	57
31	16384	47
2	262144	14	26
3	262144	20	40
26	16384	27
59	16384	66
44	262144	47
40	262144	43
19	16384	25
9	16384	18	26	32
55	16384	59
38	65536	39
43	262144	45
18	65536	20
54	262144	55
17	65536	29
41	16384	43
8	262144	18	46	50
50	16384	55
46	65536	51
39	16384	41	52
1	65536	17
66	16384	67
30	16384	35	38	46	60
35	16384	39	62
63	262144	66
22	262144	23	30	36
33	262144	35
11	16384	19	22
58	16384	63
27	65536	33
61	65536	63
24	16384	27
