node	size	children
30	65536	31
18	65536	23
22	65536	29	30
0	262144	11	18	36
11	65536	19	20
38	65536	41
8	65536	11
41	65536	44
19	16384	21	32
40	16384	41
17	262144	19
13	65536	23	40
15	16384	17
5	16384	13
23	65536	25
16	65536	17
25	16384	27
9	16384	13	16	24
4	16384	9	28
21	65536	25
28	65536	34
20	262144	21
34	262144	37
44	262144	45
37	16384	39
3	262144	12
42	16384	44
33	16384	37
12	65536	15	22	42
45	16384	
29	65536	33
10	262144	12	42
43	262144	45
27	262144	29
6	262144	10	35
35	65536	43
39	262144	43
26	262144	27	40
32	16384	33	35
36	262144	39
7	16384	10	24	26
24	65536	31
14	262144	15	32
2	262144	9
31	16384	38
1	16384	14	18	20
