node	size	children
55	65536	56
43	262144	44
57	16384	59
20	65536	22	27	31
44	65536	46
60	65536	
7	65536	20	29
39	65536	44
29	65536	34
58	65536	60
46	262144	48
34	65536	50
54	16384	58
42	65536	46
50	16384	54
52	65536	54
48	16384	52	55
47	16384	50
51	16384	52
40	262144	48
45	65536	47
23	16384	26	51
37	65536	40	55
16	262144	19	23
35	65536	37
28	65536	30
6	262144	15
15	65536	17
17	262144	28
10	16384	16
30	16384	32	35
4	65536	15	38	47
24	262144	30
5	16384	16
2	16384	17
38	65536	42
26	262144	32
21	16384	24
33	16384	34	38
25	262144	26
18	262144	20	21
32	16384	36
27	16384	28	33
14	262144	18	51
22	262144	24	27	39
36	65536	40
3	16384	14	53
19	262144	22	25	29
31	65536	36
53	65536	59
13	262144	19
11	262144	18	31	49
0	65536	12	53
12	262144	14
49	16384	56
1	262144	13	41
41	65536	42
9	16384	12
56	262144	58
59	262144	60
8	65536	13	41	43	45	49	57
