node	size	children
7	262144	17	18
37	262144	40	47
10	65536	16	25
17	65536	20	25	49
47	262144	48
1	65536	10	27
20	65536	22	31
27	16384	33	35
48	16384	50
14	16384	20
21	16384	22	27
50	262144	52
3	16384	14	23
4	65536	10	21
23	65536	24
52	16384	
22	65536	30	37
51	16384	52
2	65536	12	23
30	262144	32
12	262144	15	43	47
49	16384	51
28	65536	30
9	262144	12	19	34
19	65536	28
45	262144	46	49
26	262144	28	35
46	262144	51
5	16384	11	19
24	65536	26
11	16384	13	29
39	16384	46
18	65536	24	43
0	65536	11
13	65536	14	29
33	65536	39
43	262144	44	45
8	16384	13
25	65536	26
44	65536	50
29	65536	36
42	65536	44
36	262144	42
41	65536	42
32	65536	36
34	65536	38	39	41
31	65536	32
38	16384	40
15	262144	16	18	31	34
35	65536	38
6	16384	15
16	262144	21	41
40	65536	48
