node	size	children
64	65536	66
35	65536	42
28	262144	33	35	41
39	16384	44
34	65536	40
51	16384	54	65
61	262144	64
54	65536	62
33	65536	36
48	262144	51	71
38	16384	40	43	61
47	65536	54
29	262144	33
44	262144	48	63
37	65536	38	47	55
62	262144	64
24	65536	29	39
14	262144	16	34
43	262144	44	77
31	16384	37
60	262144	62
23	65536	24	63
16	262144	21	31
11	65536	20	31
77	262144	79
12	65536	23	30	69
56	16384	60
2	262144	16	59
20	65536	25	45
79	65536	80
53	16384	56
30	262144	32	73
59	65536	66
3	16384	20
74	262144	79
0	16384	24
41	16384	50	59	73
25	262144	27	75
32	65536	36
68	65536	74
27	65536	32
7	65536	22	29	41	53	57
17	262144	25	37	46
22	65536	26
65	262144	68
10	65536	27
15	65536	17
21	262144	22
80	16384	
36	16384	38	49
9	16384	17
4	16384	21
46	65536	48
78	262144	80
49	16384	50
26	16384	28	49
19	16384	23	46	47
76	262144	78
50	16384	52
18	16384	26	30	65
5	65536	19
75	16384	76
52	65536	56	75
6	262144	18	67
8	262144	19	57
67	16384	72
70	16384	76
13	65536	28	39	55
45	16384	52
57	262144	58
1	65536	18	67
69	16384	70
58	16384	60
72	65536	74
42	262144	45	51
63	262144	70
55	16384	58
71	16384	72
40	16384	42
73	65536	78
66	65536	68	71
