node	size	children
25	262144	31
12	16384	14	20	24
21	65536	25
9	65536	12	16	30
4	262144	9	28
17	262144	21
28	65536	33
8	65536	17	34
33	262144	41
34	65536	35
32	65536	33
5	262144	11	26	38
0	16384	13
38	262144	39
41	16384	43
13	262144	15
3	16384	9
29	16384	41
15	262144	22
6	262144	13	18	20
18	16384	19
20	262144	29
11	65536	15	18
43	262144	
2	65536	11	23	28
42	16384	43
23	262144	27
37	262144	42
27	262144	29
30	262144	37
22	65536	27	32
36	65536	37
19	16384	21	22	32
39	262144	42
16	16384	19
35	262144	39
7	65536	10	16	30
31	65536	35
10	16384	12	36
26	262144	31
1	65536	10	14
14	16384	17	34
24	16384	25	26
