node	size	children
65	65536	69
59	65536	65
45	16384	59
42	16384	45	56
56	262144	61	66
66	65536	67
67	65536	73
73	65536	77
71	262144	73
70	16384	71
58	16384	59	70
69	65536	71
68	16384	69
77	65536	81
75	16384	77
63	262144	75
62	16384	63
72	65536	75
81	262144	83
83	16384	85
24	65536	25
76	16384	83
37	262144	40	76
36	65536	37
85	65536	
84	262144	85
82	262144	84
30	16384	45
6	16384	26
9	262144	24	64
64	65536	67
12	16384	21	62	64
21	16384	25	80
15	65536	21
80	65536	84
3	16384	22	80
22	262144	28
2	65536	22
28	262144	31
26	16384	28	30	72
19	65536	26	42	76
7	65536	19	74
74	262144	79
79	16384	81
78	65536	79
0	262144	19	78
61	16384	63	78
57	262144	61
54	16384	57	68
4	262144	23	36	54
16	262144	27
23	65536	31
14	65536	23
27	262144	29	38
5	262144	27
31	16384	39
29	16384	32	49	74
13	65536	29	44
39	262144	43	50	72
44	262144	47
38	262144	39
50	65536	52
47	262144	55
52	65536	53
43	16384	47	58	82
11	262144	18	52
40	65536	43
18	16384	20
32	262144	33	40
20	65536	24	32
1	262144	18	41	42
41	65536	46	66	82
17	16384	20
46	16384	48
8	65536	17
48	65536	51
10	65536	17	34	38
51	16384	53	58
34	262144	35	54
49	16384	51
35	65536	37
53	65536	55	60
33	16384	35	41
55	262144	57
25	262144	33
60	65536	65
