node	size	children
58	16384	59
59	65536	61
73	262144	75
72	262144	75
0	262144	25
56	262144	58	64
77	262144	
74	262144	76
71	65536	73
64	262144	65
76	65536	77
40	16384	45	74
67	65536	71
51	16384	53	64
66	65536	76
63	16384	67
19	262144	21	40
16	262144	17	66
50	16384	51
49	16384	63
15	262144	19
6	16384	22	50
8	262144	16
13	16384	15	26	54
45	16384	49
44	262144	51	62
3	262144	16
4	65536	20	42
20	16384	23	48
11	65536	15
43	65536	45
26	65536	39	70
62	65536	65
12	16384	20
1	262144	21	26
42	16384	43
53	262144	57	62
21	16384	35
23	16384	31	32
34	16384	43
37	262144	53
35	65536	37
17	16384	23	60
10	16384	19	34	58
57	16384	63
33	262144	35	48
14	65536	17	36	50
47	262144	49
55	262144	57
31	16384	33	38
36	16384	37	42	56
46	262144	47
48	262144	55
38	65536	41	72
24	65536	25	36	46
61	262144	67
52	65536	55	68
22	16384	24
41	65536	47
60	16384	61
68	262144	69
5	262144	22	28
18	65536	27	60
39	65536	41	44	52
30	16384	33	68
28	65536	29	34	40
2	16384	18
32	16384	39	54
9	262144	24	30
29	65536	31	38	46
7	262144	18
69	262144	73
54	262144	59
70	65536	71
27	65536	29
65	262144	69
75	65536	77
25	65536	27	74
