node	size	children
77	262144	80
30	65536	32
80	65536	82
21	65536	30
79	262144	80
0	65536	21
8	16384	21
82	262144	84
32	262144	36	71
81	16384	82
36	16384	40	65
84	16384	
33	65536	36
83	262144	84
13	262144	26	33	37	52
78	65536	83
26	65536	28	39	57
75	65536	78
28	262144	34	35
73	16384	78
35	65536	37
56	262144	58
16	262144	19	33	35
51	65536	56
4	65536	16	63
45	262144	51
63	262144	66
50	16384	56	59
5	262144	23	49	63
23	262144	25
49	262144	50
17	262144	23
48	262144	50
9	65536	17	47
46	262144	48
47	262144	51
38	16384	46
39	16384	44	47
15	262144	22
44	262144	48
2	16384	19	38
19	262144	20
22	16384	27	45
37	262144	44	69
59	65536	60
1	65536	22	43
43	65536	46
69	16384	70
65	16384	68
12	262144	17	52	69
34	262144	40	43
57	262144	65
29	262144	34	53	57	75
52	16384	54
70	16384	72
27	262144	28	29	59
54	16384	64
67	65536	70
53	16384	54
25	65536	27	79
14	16384	16
20	16384	25	81
64	16384	66	79
66	262144	76
18	65536	20
6	262144	18
76	262144	83
7	16384	18	29	41
41	262144	42	61	67
74	262144	76
31	65536	32	41
71	65536	74
72	262144	74
24	65536	26	31	55
68	16384	72	81
3	262144	24
10	16384	24	61
60	16384	68	77
61	65536	62
58	16384	60
62	262144	64	73
42	65536	58
55	262144	62
40	65536	42	77
11	16384	30	55
