node	size	children
47	65536	48
50	262144	52
41	262144	42
38	16384	50
48	16384	50
42	65536	44
36	16384	48
54	16384	
34	262144	42
18	262144	20	36
27	65536	30
32	262144	34
7	65536	15	18	25
25	65536	34
30	262144	32
15	16384	17	39
28	65536	30	37
2	262144	15	49
49	262144	53
14	262144	28
53	16384	54
8	16384	14
26	16384	28
51	16384	53
17	16384	26
33	65536	38	51
0	262144	12
3	16384	10	17
20	16384	33
12	65536	16	39
37	262144	40
10	65536	12	19	31	43
19	16384	20	21	27
40	262144	43
5	262144	10	29
21	262144	22
39	16384	40
29	16384	35
22	65536	24	25
35	262144	38
43	262144	44
16	262144	22
44	65536	46
31	65536	32	35
6	262144	16
4	16384	13	31	36
46	262144	52
24	65536	26
13	262144	14
45	262144	46
23	65536	24	41	45
11	65536	13	19
52	65536	54
9	16384	11	23
1	16384	11	47
