node	size	children
20	65536	28	30	36
10	262144	15	30
58	65536	61	62
17	65536	20
33	262144	43
62	65536	64
1	262144	17
32	262144	33
64	65536	65
15	16384	20	38
43	262144	45
59	262144	64
0	65536	15	26
4	65536	14
26	16384	27	34	58
45	65536	47
14	262144	17	60
46	262144	59
27	262144	31	52
5	262144	14	22	36	38
44	262144	45
57	65536	59
22	262144	25	34
6	262144	27
47	65536	51
31	262144	37	46	62
3	65536	16	22	46
55	262144	57
51	65536	53
16	262144	18	56
25	16384	31
54	16384	55
8	262144	16	29	40	54	60
50	16384	51
37	65536	39
29	262144	32
52	16384	55
53	262144	57
35	262144	37
23	262144	25	26	29
9	262144	21	52
65	65536	
49	65536	53
34	16384	35
19	65536	23
48	65536	49
28	262144	35
13	262144	19
39	262144	49
24	65536	28	54
7	16384	13
38	16384	39	56
2	65536	13
21	262144	23	24
11	65536	19	40	48
56	16384	63
18	16384	21	42
40	65536	41
63	65536	65
12	65536	18
41	65536	47	50
61	65536	63
42	16384	43	44
36	16384	41	44
60	262144	61
30	16384	33	42
