node	size	children
27	16384	28
39	262144	41
28	16384	30
42	65536	
21	16384	28
40	65536	42
30	65536	34
36	65536	40
23	262144	30
35	16384	36
9	16384	23	25
4	65536	9	19	31	33	37
29	16384	36
19	262144	22
34	262144	40
22	262144	24
32	262144	34
20	65536	22
26	65536	32
17	16384	20
25	262144	26
18	262144	20	37
0	262144	10
24	16384	26
12	65536	18
10	16384	13	14
31	65536	32
6	65536	12
1	65536	10
13	262144	16
15	16384	18
16	262144	24	35
37	262144	38
14	65536	16	21	29
38	262144	41
7	65536	8	14	15	17	39
8	65536	11	31
33	16384	38
5	16384	8
11	16384	12
3	65536	9	33
41	16384	42
2	262144	11	27
