node	size	children
90	262144	92
6	65536	24	75
75	262144	78
84	262144	90
78	65536	80
80	16384	84
77	65536	78
82	16384	84
60	16384	64	77
66	16384	82
58	16384	60
63	65536	66
81	262144	82
56	65536	58
73	16384	74
52	65536	56
47	16384	52
30	65536	32	35	47	83
55	65536	60
28	262144	30	59
21	262144	25
22	16384	28	37	85
8	65536	21
10	16384	22
11	262144	21
17	16384	22
41	65536	52
37	65536	38
38	16384	40
34	262144	38	63
32	65536	34	57
31	16384	32
25	262144	31
12	65536	25	87	89
87	262144	90
13	65536	18	71	83	87
18	16384	30	65
16	262144	18
65	65536	66
9	262144	27	65	79
27	16384	29	39
5	262144	27
29	262144	36	59
26	16384	29
19	16384	26	71
3	262144	19
4	262144	19
71	262144	76
76	262144	80
74	262144	76
72	65536	74
70	16384	72	73
67	16384	70
43	16384	44	55	67
14	262144	24	35	43	51
35	65536	40
40	65536	42
42	16384	44	49
36	65536	42	49	77	81
1	16384	36	45
45	65536	46	81
46	16384	48
44	16384	46	61
61	262144	68
7	65536	23	61
23	65536	28
15	262144	23	53
53	262144	58	73
39	262144	48	53	89
48	16384	50
50	262144	54
49	262144	50	69
69	65536	72
59	262144	62	69
62	65536	64
57	262144	62
64	262144	68
68	262144	70
54	65536	56
51	65536	54
89	65536	91
91	65536	92
88	65536	91
86	65536	88
79	16384	86
0	262144	20	51
85	16384	86
20	65536	26
2	16384	20	33	75
83	65536	88
33	65536	34	37	39	47
92	65536	
24	262144	31	33	41
