node	size	children
21	16384	23	73
44	16384	48
4	262144	22	33
69	262144	70
32	262144	36
42	16384	44	63
7	65536	21	43
65	262144	70
43	262144	45
31	16384	32	37	73
41	16384	42	51
76	262144	78
28	16384	34	43
25	65536	28	31	77
51	262144	56
75	16384	76
27	262144	28
15	262144	16
6	262144	25
78	262144	80
22	65536	27	29	67
56	262144	64
17	65536	25	35	41	59
73	65536	78
54	262144	56	69
13	262144	17	59
10	65536	22	39
59	65536	66
47	65536	54
39	65536	42
80	65536	
66	262144	72
29	262144	38	39
8	65536	19	47
79	65536	80
53	262144	54
58	262144	66
70	262144	74
38	65536	44
71	65536	79
14	262144	20
40	16384	48	53	61
64	65536	71
52	16384	58
48	65536	60	67
37	65536	38
35	262144	40
49	65536	52
63	16384	64
16	262144	21	31	37
61	65536	62
26	262144	30	49	75
11	65536	17	63
5	262144	16	45
62	65536	68
45	262144	50
24	65536	26
77	16384	79
68	16384	72
50	65536	52
30	16384	32
1	16384	18	46	65
0	262144	24
19	65536	26	41
18	65536	20
67	65536	68
46	16384	50
2	262144	30
3	16384	19	55
57	262144	58
72	65536	74
9	65536	18
55	262144	60
20	262144	23	33	65
36	16384	40	46	53
12	65536	27	57
74	16384	76
34	262144	36
60	65536	62
33	65536	34
23	16384	24	51
