node	size	children
15	65536	17
32	262144	36
1	65536	10	17	39
30	16384	32	35
39	16384	41
28	16384	30
41	65536	42
26	262144	28
37	65536	41
20	65536	26
42	65536	
16	65536	20
40	16384	42
2	16384	16
34	262144	40
25	16384	26
0	262144	9	35
33	262144	34
23	262144	28
9	262144	14	15	27
3	262144	9
7	16384	8	33
27	65536	30
31	262144	34
14	16384	16	25	27
35	65536	36
12	16384	14	21	23
36	262144	38
10	262144	12
38	65536	40
6	65536	10	13	18	19
13	65536	20	23
29	65536	38
8	16384	11	13
24	65536	29	37
5	65536	8	18	31
18	262144	22	25
19	65536	24
22	16384	32
11	16384	12	19
4	262144	11
21	65536	22
17	16384	24
