node	size	children
38	262144	42	45
50	65536	52
28	262144	38
16	16384	18	19
11	262144	16
26	262144	28
49	16384	50
33	262144	34
25	65536	26
2	65536	11	21	35	41
21	65536	22
31	262144	32
19	262144	26
4	16384	11	21	24	29	35	39
24	262144	30	37
42	65536	44
30	16384	36	39
40	65536	42
29	262144	30	31
35	262144	40
15	16384	16	19	29	43
37	65536	40
0	262144	15	43
44	65536	46
18	65536	23
43	262144	48
8	262144	14	24	27	33
48	16384	51
39	262144	44
14	262144	20
46	16384	48
45	16384	50
13	16384	14	17	31
34	16384	46
1	65536	13
41	16384	45
7	262144	13
32	16384	34
5	65536	12	33	41
17	65536	20
12	262144	15	47
22	262144	32	49
6	65536	10	17	25
3	16384	12
10	262144	18
20	16384	22	27
47	16384	51
9	16384	10	23
27	16384	36
23	262144	28
51	262144	52
36	262144	38	49
52	262144	
