node	size	children
43	16384	47	54
0	65536	23	82
85	65536	
38	65536	43	62
7	65536	18	42
52	262144	55
18	65536	28	32	63
62	16384	69
65	262144	67
4	65536	18
57	262144	62	63
28	262144	31	48	52
63	65536	65
53	16384	57	60
23	262144	28
67	16384	73
16	65536	20	53
20	262144	23	46	58
40	65536	43	50
51	262144	53
14	65536	20	66
36	16384	37
45	262144	51	74
15	16384	17
66	16384	67	70	76
42	16384	45
50	65536	51	66
13	262144	21
74	16384	84
12	65536	24
27	65536	31	50
84	65536	85
47	262144	52
5	262144	27
2	16384	26
81	16384	84
26	16384	27
80	262144	81
24	16384	26	34	36
73	262144	77	80
21	16384	24	56
17	16384	21	38
72	16384	73
8	16384	17	30	32
64	16384	65	72
30	16384	35	44
55	65536	57	64	70
3	16384	19	30	40
19	16384	25
49	65536	55
6	262144	19
32	16384	49
25	16384	29	36
48	262144	49
10	65536	25
46	65536	48	56	68
29	65536	33
56	262144	69
1	65536	29
69	262144	71
33	65536	41
22	262144	33
71	16384	75
11	262144	22
70	262144	71
68	65536	79
9	16384	22
59	65536	61	68
41	65536	45	46	76
58	16384	59
39	65536	41	72
54	65536	59
37	65536	39
35	65536	39	54
34	65536	37	78
31	262144	35
78	65536	81
79	65536	83
75	65536	78	80
61	16384	75
77	65536	79
60	65536	61
76	262144	77
83	16384	85
44	65536	47	60
82	65536	83
