node	size	children
27	65536	29
33	65536	39
41	65536	47	52
24	16384	27
29	262144	33
39	65536	41
9	262144	16	24
26	65536	29
16	262144	17
38	65536	39	48
14	16384	16
1	16384	19	26	42
48	16384	57
19	16384	21	28
7	16384	14	51
57	65536	61
51	262144	53
11	65536	19
61	65536	64
53	262144	62
21	262144	23	26
60	262144	61
49	65536	53
20	262144	21
64	16384	65
45	262144	49
6	65536	20	56	66
56	65536	57
42	262144	45
50	262144	64
47	262144	49	50
10	262144	18	22
44	16384	45
25	65536	34	56	66
0	262144	25	46	58
36	65536	41	44
65	262144	67
46	16384	50
18	262144	20	40
67	65536	
28	65536	35	36
15	65536	18
40	16384	43	46
66	65536	67
4	262144	15	28	62
13	262144	15	30
43	16384	47
62	262144	63
35	262144	37
12	262144	13
23	65536	27	38
37	65536	43
63	262144	65
34	262144	35
5	65536	13
32	65536	37	42
30	16384	31
59	16384	63
2	262144	14
52	65536	59
22	16384	23	32	60
17	16384	25
58	65536	59
31	16384	33	36
8	65536	17
3	16384	31
