node	size	children
5	16384	18
62	65536	64
23	262144	30
25	65536	30
11	16384	22	51
21	16384	23	71
55	65536	62
51	262144	54
19	16384	25	65
64	65536	72
2	16384	21
54	262144	56
71	16384	72
7	65536	19	61
14	65536	19
72	65536	74
53	16384	54	55
61	65536	64	71
65	262144	66
74	16384	78
27	262144	28
35	16384	37	38	53
47	65536	48	61
66	16384	68	69
69	262144	74
10	65536	20	35
32	65536	35
40	16384	42	47
63	262144	66	75
78	65536	80
28	16384	32
37	65536	40
58	65536	60	63
76	65536	78
26	65536	28
34	16384	37	43
3	262144	26	29	45
57	16384	58
73	16384	76
24	16384	26	38
33	65536	34
1	65536	27	43
44	16384	58
75	65536	76
15	65536	24	36
8	65536	27	33	65
30	262144	34	63
39	262144	44
80	262144	
36	65536	40
43	16384	46
60	262144	62
79	65536	80
31	65536	36	75
46	16384	48
56	262144	60
70	65536	79
6	16384	17	31	39
42	262144	46	73
17	16384	21	55
52	262144	56
67	262144	70
38	16384	42	49
50	16384	52
12	262144	17	41	57
68	16384	70
49	262144	52	53	67	77
48	65536	50
41	16384	44
0	262144	16
59	16384	68
16	262144	22
4	16384	20	49
45	65536	50
13	262144	18	41
77	262144	79
20	65536	25
9	65536	16
18	65536	23	59
22	16384	24
29	262144	32
