node	size	children
76	16384	77
46	262144	47
29	16384	31	48
51	65536	53	60
63	65536	65
25	65536	29	46
47	262144	51	56
73	65536	76
65	262144	69
24	65536	25	66
45	262144	47	62
72	65536	73
69	262144	71
2	65536	24
44	262144	45
34	65536	35	72
17	65536	24
71	65536	75
39	262144	41	44
6	65536	23	34
15	65536	17
64	262144	71
23	262144	27	38
32	16384	39
3	262144	15	28
22	262144	23	32
75	16384	77
28	262144	35	38
13	262144	22	32
0	262144	21	70
74	16384	75
9	262144	22	58
7	262144	15	28	66	70
35	65536	39
58	262144	65	74
50	16384	51
66	16384	67
77	16384	
62	65536	63
31	65536	33	58
67	16384	69
68	262144	73
53	65536	55	62	72
33	262144	45
61	262144	67
42	262144	43
43	16384	53
27	262144	33
57	262144	61
56	65536	57
38	262144	43	52	68
26	16384	27	36
11	65536	16	42
49	16384	57
60	65536	61
52	16384	59
20	16384	25	26
16	16384	17	26	74
48	262144	49
59	16384	63
10	262144	16	30
12	16384	20
41	262144	48
55	16384	59
30	16384	31	34	36	54
1	65536	20	40
37	262144	41
40	65536	49
54	262144	55
5	65536	18	30
21	16384	37
18	262144	29	64
36	16384	37	50	60	68
4	16384	19	54
19	16384	21
14	262144	18
70	65536	76
8	262144	19	46
