node	size	children
37	262144	39
18	65536	19	52
16	16384	21
29	65536	37
19	65536	29
6	65536	16
53	65536	55
26	262144	29
2	262144	19	36
36	16384	37
50	16384	53
0	262144	13	26
13	65536	17	30
52	16384	56
32	262144	33	38	45	50
17	16384	27	28	36
49	65536	51	52
33	65536	35
1	16384	17
47	16384	49
27	262144	35
30	262144	33	38
44	16384	47	54
38	16384	41
25	16384	27
34	16384	44
35	16384	39
24	16384	25	42
54	65536	59
45	65536	47
14	262144	16	24
59	16384	
5	262144	14	45
8	262144	14	28
28	16384	31	34
57	16384	59
48	262144	49
31	262144	34
56	16384	57
4	262144	15
9	262144	12
23	262144	31	32
51	262144	56
12	262144	13	20	22	24	44	46
22	65536	23
46	65536	51
7	16384	12	40
40	16384	43
15	65536	23
55	65536	57
43	16384	53
11	262144	15	18
42	65536	55
41	262144	43	48
10	65536	11
20	262144	21	42
39	262144	41	54
3	65536	11	18	26
21	65536	25
