node	size	children
0	16384	11	14
31	65536	35
11	262144	13	16
28	262144	31
10	262144	11
35	65536	39
7	65536	10
32	262144	35
1	262144	7	26
26	16384	27
39	262144	
27	16384	36
37	262144	39
25	16384	27
33	16384	37
22	65536	25
23	65536	33
16	16384	17	22	28
30	65536	33
17	262144	29
36	262144	37
15	262144	17	28
34	262144	36
12	65536	15
24	65536	25	34
4	16384	9	12
2	262144	7
9	16384	19
19	262144	21
13	65536	19
6	16384	8	23	32	34
8	65536	9	23
5	65536	13	14	20
3	16384	8	18	30
20	262144	21	24
18	262144	22
21	16384	29
14	65536	15	16	18	30
29	16384	31
