node	size	children
38	262144	40	45
14	262144	16	33
51	65536	52
37	262144	38
12	16384	14	17
48	16384	51
15	16384	16	19	37
8	65536	12	21	41
45	262144	48
3	16384	15
21	65536	28	39
7	65536	15
17	262144	21	25
16	65536	20	29	43
43	262144	48
26	16384	30
25	262144	42
20	65536	24	31
30	65536	32
22	16384	25
19	262144	20
29	65536	30
31	65536	32
6	65536	11	22	23
11	16384	12	47
32	262144	34
23	65536	26	31
1	262144	11
35	16384	36
10	65536	14	23
47	65536	51
36	16384	38	47
9	65536	10
5	16384	10	49
34	16384	36
49	65536	50
28	262144	34
50	16384	52
27	16384	28	35
46	262144	50
24	65536	26	27
44	65536	46
18	262144	24	39
2	16384	13	45
41	16384	44
13	65536	18	49
4	262144	18
42	16384	44
39	16384	40	41
0	16384	13	33
33	16384	42
40	262144	46
52	65536	
