node	size	children
14	65536	17
1	16384	12
51	262144	53
9	16384	12	26
5	262144	14	36	38	50
26	262144	29	44
50	262144	51
36	16384	43
21	16384	26
53	262144	56
7	65536	16	36	42
29	65536	37
16	65536	23
49	65536	53
13	65536	16	40	48
37	16384	39
48	65536	49
0	16384	13	24
39	262144	41
40	16384	47	48
24	16384	27	28	50
38	16384	39
47	262144	49	54
2	16384	15	24
41	262144	45
15	262144	25
43	262144	47
45	262144	56
12	65536	13	20
42	262144	43
3	65536	15	18	22
18	65536	25
44	262144	45
54	16384	55
25	65536	27	42
56	16384	57
55	16384	57
27	65536	31	46
57	65536	
52	16384	55
31	16384	33
35	65536	41	52
30	262144	31
4	262144	19	30
28	16384	35
19	16384	21	28	32	44
33	262144	37	52
34	262144	35
17	16384	19	22
32	16384	33	40
6	16384	14	20	34
11	16384	17
23	65536	29	32
20	16384	21
8	16384	11
22	16384	23	46
10	65536	11
46	262144	51
