node	size	children
44	65536	48
46	65536	48
33	16384	38
19	16384	22	25	41
47	16384	52	57	69
45	65536	46
11	65536	19	25	63
52	16384	56
30	262144	36	45
25	16384	26
56	65536	62
26	65536	30	39
63	262144	64
32	65536	56	59
23	16384	26	53
0	65536	20	29
64	16384	68
59	16384	60
20	65536	23	27
12	262144	23
61	65536	64
60	262144	62
17	16384	20	27	32	33
53	262144	54
1	16384	16	61
62	16384	66
16	65536	19
10	16384	17
28	16384	30	51	53
66	262144	68
7	65536	17	37
14	65536	16
27	65536	28
37	65536	40
65	262144	66
8	16384	14
21	65536	28
40	16384	46	51
68	65536	70
3	65536	14	35	65	67
35	16384	36
38	262144	40
70	65536	72
13	65536	21
36	65536	41
34	16384	38
69	262144	70
51	65536	54
41	262144	42
31	16384	34	45
54	16384	58
6	65536	18	43
42	16384	44	59
72	65536	
5	65536	15	31
58	65536	60	67
71	65536	72
15	16384	21
39	65536	42	43
67	65536	71
57	16384	58
9	262144	18	29	39
2	262144	15	49
18	16384	22	32
55	262144	71
49	262144	50
4	262144	24	57
24	262144	34
50	65536	52
29	16384	31
43	65536	44	47
22	262144	24	33	65
48	262144	50	55	63
