node	size	children
28	65536	31
15	262144	18	20	24
47	16384	49	50
3	65536	12	28	32	38	52
2	262144	15	46
12	16384	13	22
49	65536	51
46	16384	58
7	262144	12
48	262144	49
58	262144	59
13	16384	15
51	262144	53
52	16384	58
11	16384	13
50	262144	51
59	16384	
8	65536	11
9	262144	21
6	262144	11	38
57	65536	59
38	262144	45
20	65536	22	23
55	262144	57
45	16384	47
22	262144	29
53	262144	55
42	262144	45
29	65536	37
44	262144	53	56
39	16384	42
37	16384	39
23	262144	25	36	40	44
34	16384	39
36	65536	37
21	262144	23
30	65536	34	35
18	65536	21	32
0	16384	17	30	54
56	262144	57
17	262144	19
10	65536	16	18
54	262144	55
32	262144	33
19	16384	27	42
33	16384	41
16	262144	17	36
5	262144	14
1	65536	19
41	16384	43
27	65536	29	40
14	262144	16	20
4	16384	14	26	30	48
35	16384	41
25	262144	27
26	262144	31	46
43	65536	47
24	16384	25	52
31	65536	33
40	65536	43	44
