node	size	children
71	16384	72
38	262144	42	71
37	65536	38
32	65536	34	37	79
9	65536	32
34	16384	36	39
31	65536	34
28	262144	31
26	16384	28
13	65536	26	33
33	16384	38	59	79
59	65536	64	67	77
64	16384	66	75
66	262144	70
17	262144	30
30	262144	32
60	16384	66
29	16384	30	43	45
55	65536	60
36	16384	40	55
20	65536	29
40	262144	42	57	83
7	65536	20
1	262144	20	47
47	16384	52
39	262144	40	43
23	65536	27	37	39
52	262144	54
12	65536	23
51	16384	52
4	65536	23
0	262144	19	51
19	16384	25
27	16384	31
11	65536	19	35	57
3	262144	27
43	262144	48
35	65536	36	71
48	262144	50	85
16	65536	24	35	87
41	16384	48	49
24	65536	29	41
49	16384	60
14	262144	24	63
50	262144	54
63	262144	64	75
46	16384	50
8	65536	18	63
18	16384	22
45	65536	46
44	16384	46
5	262144	18
22	262144	26	83
42	262144	44	61	85
21	65536	22	51	53
61	16384	62
6	16384	21
62	16384	68	81
15	16384	21	65
58	65536	62
65	262144	72
57	65536	58	73
72	16384	74
73	262144	76	87
76	262144	78
74	65536	76
70	16384	74
68	65536	70
67	65536	68
78	16384	84
69	65536	78
54	262144	56	69
56	65536	58
53	16384	56	69
84	262144	88
82	16384	84
80	65536	82
75	16384	80
77	65536	80
81	16384	82
88	65536	90
85	16384	88
90	65536	
89	262144	90
87	65536	89
86	262144	89
79	262144	86
83	262144	86
2	16384	44
25	65536	28
10	262144	25
