node	size	children
23	16384	24	41
22	16384	24	27
35	262144	36
41	16384	42
19	16384	22	33
7	262144	10	35
37	16384	38	41
10	262144	22
33	65536	34
38	262144	46
34	65536	36
9	16384	10
46	16384	49
32	16384	34
49	262144	50
26	16384	32	35	43	47
20	262144	26	37
43	16384	49
17	262144	20
50	65536	
15	65536	16	17
48	65536	50
3	262144	15	29
47	65536	48
29	262144	31
44	262144	48
25	16384	28	29
2	262144	13
13	262144	15
40	16384	44
28	16384	30	39
8	262144	13	18	21
39	16384	40
27	262144	28
18	262144	26
1	262144	12	31	39
30	65536	38
12	65536	17
5	262144	11	18	25
11	262144	14	19	23
21	262144	30
0	16384	12
31	262144	40
4	16384	11	45
16	16384	20	21	23
45	262144	46
42	262144	44
14	16384	16
24	262144	32	45
36	262144	42
6	65536	14
