node	size	children
6	262144	9
35	65536	38
9	16384	11	24
37	262144	40
4	262144	9	17	29
42	16384	
17	262144	18	19
2	65536	18	37
18	65536	30
5	262144	10	17	27
10	65536	12
30	16384	32
7	262144	10	13
25	65536	30
13	65536	14	21
32	65536	36
8	65536	11	13	33
3	16384	8	15	31
22	262144	32
15	16384	16
21	65536	22
12	65536	14	15	24	27
1	16384	8	21
11	65536	12
20	65536	22
14	65536	16	25
0	262144	20
19	65536	20	29
16	16384	23
29	262144	31
23	65536	26
31	16384	34
26	262144	28	35
34	65536	36
24	65536	26
36	65536	41
28	16384	34
41	262144	42
27	16384	28	39
38	16384	41
39	16384	40
33	16384	38
40	16384	42
