node	size	children
71	16384	73
70	262144	71
13	262144	24
7	262144	26
11	65536	39
16	262144	19	64	68	84
19	65536	27
3	65536	19	38
38	16384	41	76
41	262144	45	58
39	16384	41	80
37	16384	39
35	262144	37
33	65536	35
31	65536	33
30	65536	31	90
27	262144	30	36
12	16384	27	74
74	262144	75
75	262144	77	86
68	65536	75
18	262144	31	48	82
77	16384	83
82	16384	87
73	16384	77
36	65536	43	82
72	262144	73
32	65536	36
49	65536	53	72
87	262144	89
46	262144	49	70
86	65536	87
10	65536	28	46	56
78	262144	81	86
28	16384	32	48
81	65536	91
17	262144	28	44
80	65536	81
44	16384	57
91	262144	94
26	16384	32	44
89	65536	91
22	65536	26	84
85	65536	89
6	65536	22
83	262144	85
5	65536	22	60
60	65536	67
79	262144	83
54	262144	59	60
76	262144	79
9	65536	20	54
69	65536	79
20	16384	29	88
67	65536	69
8	262144	20
29	16384	33	58	78
63	16384	69
24	16384	29	92
58	262144	63	90
4	16384	24	40	42	70
40	65536	45	52	80
90	65536	94
94	262144	95
45	262144	47
47	262144	49
95	16384	
43	16384	47	64
93	262144	95
42	16384	43	66
88	65536	93
92	65536	93
66	16384	67
34	16384	37	92
59	16384	61	62	66	88
57	262144	59
15	262144	23	34
23	65536	25
56	262144	57
61	262144	63
21	65536	23
2	65536	21
55	262144	61
1	262144	21
52	65536	55
25	65536	35
53	16384	55
14	16384	25
51	262144	53
84	262144	85
50	65536	51
62	65536	65
0	262144	30	50
65	65536	71
48	16384	51
64	16384	65
