node	size	children
48	16384	52
40	16384	44
80	65536	
34	65536	44
36	65536	40
41	262144	48
78	262144	80
32	16384	34
50	16384	52
35	65536	36	47	67
72	262144	78
31	262144	32
47	262144	48
45	262144	50
71	65536	72
0	65536	18	31	41	71
62	262144	64
27	65536	28	47
18	16384	25
76	16384	78
19	16384	27	37
60	65536	62
74	262144	76
7	262144	18	65
65	262144	66
42	65536	60
12	262144	19
69	16384	74
58	65536	60	65
1	262144	19
64	16384	68
53	65536	54	69
37	16384	38
56	16384	58
63	65536	64
29	262144	30	53
38	16384	41
55	65536	56
57	65536	58	63
54	16384	66
30	262144	38	57
17	16384	28	55
68	65536	72
66	262144	70
26	262144	30	53	69
2	262144	17	49
61	262144	68
3	65536	22
70	65536	74
4	65536	26
49	65536	56
25	16384	36	61	77
22	65536	24	71
67	16384	70
20	65536	26	29
10	65536	17
6	16384	22
16	262144	20
24	262144	27	39	42
75	65536	76
15	65536	25	33
28	262144	32	43	63	75
5	262144	16
33	16384	34
23	16384	24	35
13	262144	16	51
43	16384	46
77	262144	79
21	65536	23	42	45	61
51	16384	54
9	65536	20	43	59	73
79	65536	80
11	16384	23	31
59	65536	62
39	262144	40
46	16384	50	51
14	65536	21	39	57
8	262144	21
73	16384	79
52	262144	59
44	65536	46
