node	size	children
36	65536	38
10	65536	14	21
29	65536	36
50	262144	52
49	262144	50
25	65536	29
21	262144	26	43
26	16384	28	29
38	262144	48	57
46	262144	50
22	16384	26
44	65536	46
37	262144	38	55
16	262144	22	25
43	262144	44
2	262144	14	37	51	53
51	262144	54
14	262144	18	21
12	65536	16	41
40	16384	44
54	262144	59
39	16384	40
3	262144	12	47
47	16384	48
48	262144	54
19	65536	20	39
32	16384	40	47
59	262144	60
20	16384	22
31	16384	32	41	49
57	65536	59
55	262144	56
11	65536	13	31
60	262144	
13	262144	17	24	31
24	262144	28
58	65536	60
0	65536	13
9	16384	12	24	27
53	16384	58
17	65536	19	55
1	16384	15	51
27	16384	30
56	65536	58
15	262144	19
8	65536	17	33	53
30	262144	32
33	65536	34
6	16384	15	45
52	65536	56
28	16384	30
45	16384	46
4	65536	23	33	35
42	65536	52
23	262144	34
7	262144	18	35	45	49
5	65536	16
18	65536	20	43
41	65536	42
34	262144	36
35	65536	42
