node	size	children
21	262144	25
1	65536	11	14	15
30	262144	36
11	262144	13
36	262144	37
9	262144	11	20
3	262144	9	28
29	262144	36
28	16384	31
26	16384	29
31	65536	33
20	16384	26
27	262144	31
23	16384	29
33	262144	35
15	16384	23
32	262144	33
22	65536	23
35	262144	37
37	262144	
34	262144	35
4	16384	7
19	16384	21	30	34
18	262144	19
13	16384	18	34
0	65536	10	27
10	65536	14	15
12	16384	13
7	262144	9	10	18
6	262144	8	12	22
2	262144	7	16	27
8	16384	19
16	65536	17	26	32
5	262144	8	24
24	262144	25
17	16384	21	32
25	65536	30
14	65536	17
