node	size	children
46	262144	48
11	16384	13
56	262144	59
43	65536	46
8	262144	13	31
49	262144	56
31	16384	38	39
35	16384	36	43	45
59	16384	60
6	65536	12	35	43
4	65536	17	27	31
17	16384	19	39
24	65536	30	35	37
60	16384	
12	262144	17
23	65536	24
58	262144	60
10	65536	12	57
30	262144	32
55	65536	58
57	16384	58
25	262144	30
37	65536	42
33	65536	34	47	57
32	16384	34
42	16384	46
22	16384	26	33
34	262144	38
36	65536	42
19	16384	22	27	41
0	65536	18	29
38	262144	40
29	262144	36
18	16384	24
3	16384	19
40	16384	44
47	65536	48
27	65536	28	29	37
15	16384	18	25
39	65536	40
28	16384	32
9	65536	15
44	262144	50
7	16384	15	21	23
26	16384	28	51	55
21	65536	22
41	262144	44
20	65536	26
2	16384	14	21	23
50	16384	54
14	16384	16
5	65536	20
51	262144	52
45	65536	50
1	16384	14
16	16384	20	33	49	53
52	16384	59
54	65536	56
13	262144	16
48	16384	52	55
53	262144	54
