node	size	children
36	65536	37	56
3	262144	13	24	26	42	54
65	16384	67
13	16384	16	46	48
8	16384	18	40
37	65536	41
18	65536	35
4	65536	13
64	262144	65
33	65536	37	50
10	65536	18	44
46	65536	49
57	262144	65
31	16384	33
49	262144	51
44	16384	45
52	262144	57
28	16384	31
48	65536	49
5	262144	15	44
15	65536	17	52
53	16384	57
25	16384	28
32	65536	33	48
7	16384	15	60
50	262144	53
22	262144	25
51	16384	53
60	16384	61	64
23	16384	25
42	16384	47
47	16384	51
9	65536	14	32	60
14	262144	20	38
19	16384	23
24	65536	27
41	262144	47	58
6	65536	14	34
16	262144	19
12	16384	19
38	65536	41
34	16384	35
2	262144	23
1	65536	16	30
58	65536	59	62
29	262144	31	34	64
30	65536	39	54
59	16384	61
27	262144	29	58
39	262144	43
61	16384	66
26	16384	27	62
35	16384	39
66	16384	67
0	65536	17	26	52
43	262144	45	46
17	16384	20	22	24	50
63	262144	66
40	262144	43
20	65536	21	32	42	56
62	65536	63
45	16384	55
21	262144	29	30
56	16384	63
55	262144	59
11	65536	21	36
67	262144	
54	16384	55
