node	size	children
43	16384	49
37	262144	43
18	16384	20	22	32
36	16384	37
40	16384	43
15	65536	18	52
27	262144	29	36
24	16384	35	38	40	42
10	262144	15
21	65536	24
25	65536	27
52	262144	54
19	262144	25
8	65536	13	21	44
13	65536	15	18
17	262144	19	21	22
54	262144	57
4	65536	13	44
16	16384	17
44	262144	47
57	65536	
1	16384	16
47	16384	49
55	262144	57
11	16384	19
45	16384	47	50
53	65536	55
2	65536	11	34
41	262144	45	52
9	262144	11
48	262144	53
26	65536	27
39	262144	41
34	16384	41	48
38	16384	39	48
35	16384	39
12	16384	17	26	34
31	262144	35
6	65536	12
50	16384	55
3	16384	12	28
29	65536	31
0	16384	14	38
28	262144	33
14	16384	16	46
23	16384	29
33	16384	37
5	16384	14	46
7	16384	23	30
32	16384	33	50
46	16384	51
30	65536	31	42
20	65536	24	32
51	65536	53
42	65536	45
49	16384	51
22	65536	23	25
