node	size	children
5	262144	11	21	35
26	16384	28
1	65536	11
21	65536	22	27
25	65536	26
22	16384	24
28	65536	30
19	262144	22	45
27	16384	28
45	262144	46
30	65536	36
46	65536	48
37	65536	46
17	262144	30
48	262144	50
15	65536	17	35	47
47	16384	48
3	65536	15
0	65536	10	19	25	31
35	16384	38
7	16384	13	47
10	16384	16
13	16384	15
38	262144	44
8	65536	10	29
2	16384	13	31
29	16384	32	39
36	262144	38
31	16384	34
44	16384	49
32	16384	36	39
34	16384	40
23	16384	32	37	41	45
43	262144	44
33	16384	34
4	65536	16	23
12	16384	14	17	43
40	262144	42
16	65536	20	33
6	65536	12
39	65536	40
9	262144	12
20	65536	24	33
14	262144	18
42	16384	49
18	262144	20	25
49	65536	50
41	65536	42
11	16384	14	18	19
50	16384	
24	16384	26	27	41
