node	size	children
19	65536	24
0	262144	10
32	262144	34
30	16384	32
5	262144	8	35
28	65536	30
8	16384	20
1	65536	8
25	262144	28
20	262144	22
21	65536	25	26
16	16384	20	21
26	262144	37
15	262144	16	19	29
37	16384	38
11	262144	12	15
6	65536	11	15
33	16384	37
9	65536	11
2	16384	9	13
4	65536	9	33
13	65536	16	23
38	262144	
23	65536	30
36	16384	38
14	262144	18	23
35	16384	36
12	16384	14	17	19	21
34	65536	36
3	16384	12
29	262144	34
17	65536	18	33
27	262144	28
18	16384	22	27
22	65536	24	27
10	262144	14
24	65536	32
7	65536	10
