node	size	children
14	16384	16	40
50	65536	51
9	262144	14	34
23	65536	27	42	50
34	65536	35
21	65536	23
10	65536	13	48
3	16384	16
35	65536	37
13	262144	28
18	262144	21
28	65536	35
1	16384	18
5	262144	13	44	52
37	16384	41
2	262144	14	18	36
44	65536	45
36	16384	39
33	16384	37
0	65536	12	44
12	65536	15	50
39	65536	53
31	16384	33
53	16384	55
4	65536	12	22	24	42
27	262144	31
22	16384	23
55	16384	
25	65536	27
11	262144	17	22	26
54	262144	55
20	65536	25	38
6	65536	11	32	38
43	262144	54
32	262144	39	40
7	262144	11	20
38	262144	45
41	16384	43
26	16384	30	32
45	65536	47
40	65536	41
30	65536	33
47	262144	49
42	65536	43	52
8	16384	15	30	34
15	16384	17
46	65536	47
52	16384	54
49	16384	51
17	262144	19	24
24	262144	25	29
48	65536	49
19	262144	21	36	46
29	16384	31
51	65536	53
16	16384	19	20
