node	size	children
55	65536	58
36	16384	37
39	16384	47	50
54	65536	55
29	16384	31	36
38	65536	39
0	262144	14
24	65536	29	46
13	262144	16
7	262144	12
35	262144	39
12	65536	13
9	16384	13
1	262144	15	24
26	262144	35
15	65536	19	34	36
8	262144	12	18	32	44
34	65536	35
18	65536	21	28
3	65536	15	30
30	65536	31
50	65536	53
21	65536	27	40
31	65536	33
53	65536	57
16	16384	21	34
33	262144	41
52	65536	53
10	262144	16	20	22	44	52
32	65536	33	42
20	16384	23	56
57	262144	59
4	16384	17	32
23	262144	25	38
17	262144	26
45	16384	57
19	16384	23	50
2	16384	17	28
42	16384	45
28	65536	29	48
14	262144	19	40
43	262144	45
48	65536	49
11	262144	14
40	65536	43
49	65536	51
5	65536	11
6	262144	11	22
41	262144	43
46	16384	49
22	65536	25	42
59	16384	
51	65536	55
25	65536	27	30
58	16384	59
47	262144	51
27	65536	37
56	262144	58
44	262144	47
37	262144	41	54
