node	size	children
12	16384	16	22
28	65536	31
22	65536	25
34	16384	35
25	16384	28
26	16384	34
24	65536	25
35	262144	
5	65536	11	24
33	65536	35
11	65536	17
29	65536	33
9	65536	11
1	16384	9
32	65536	33
17	16384	23
23	16384	27
19	65536	23
15	262144	19
13	65536	15
27	16384	30
4	65536	7	18	20	26	30
7	65536	9	28
21	262144	27
0	16384	7	10	26
10	262144	12	13	32
20	65536	21
2	16384	10	14	18	24
18	262144	21
14	262144	15	22
30	262144	31
8	262144	13	14
3	262144	8
31	16384	34
6	65536	8	16	29	32
16	65536	19	20
