node	size	children
5	16384	8	10	18	22
10	16384	17	24
24	65536	31
6	16384	10
34	262144	37
17	16384	21
28	16384	34
16	65536	17
37	16384	
21	16384	23
35	16384	37
19	16384	21	33
32	65536	35
18	262144	19
12	65536	13	32
7	65536	9	12	18	20
0	262144	7	26
13	262144	19
26	16384	27
3	16384	13	33
27	65536	29
33	65536	35
23	16384	27
20	65536	25
22	65536	23
4	16384	7	22
2	16384	8
29	16384	32
25	65536	29
15	65536	25
14	16384	15	30
1	262144	11	14	28
11	65536	15
30	262144	31
9	262144	11	14	16
31	65536	34
8	16384	9	26
