node	size	children
22	262144	24	38	52	54	56
73	262144	75
72	65536	73
12	16384	22	36
36	65536	41	54
70	65536	81
0	262144	25	30
21	65536	23	36
30	262144	33
3	65536	21	32
32	16384	39	84
33	65536	35
20	16384	26	32
8	262144	27	58
1	262144	20	62
62	262144	65
65	16384	67
63	262144	65
61	16384	63	72
58	65536	61
18	262144	20	42	58
7	262144	18
5	16384	18	66	70
66	16384	69
69	65536	75
64	16384	69	74
13	65536	28	30	64
28	65536	33
15	262144	28	44	48
44	16384	45
10	65536	21	44
45	16384	47
35	16384	45	46
23	262144	35
9	16384	23	40	50	72
40	16384	43
2	262144	22	40
43	65536	47
42	65536	43	78
11	16384	29	34	42	60
29	16384	31	38
26	16384	29	50
50	16384	59
59	16384	67	68
67	16384	71
71	65536	73
68	262144	71	82
34	262144	37	46	68
75	16384	77
37	65536	39
31	16384	37
27	16384	31
25	65536	27	78
24	16384	25	84
6	16384	24
84	262144	86
86	262144	87
82	16384	86
78	16384	79	82
79	16384	83
74	16384	79
83	16384	85
81	16384	83
77	16384	81
76	262144	77
57	262144	63	76
54	16384	57	76
55	262144	57
48	16384	55
39	16384	48
53	262144	55	80
51	262144	53
46	262144	51	80
80	65536	85
85	65536	87
87	262144	
49	16384	51	60
41	65536	49
4	262144	17	62
38	65536	41
17	16384	19
14	65536	17
47	16384	49
60	262144	61
19	262144	26	52
16	65536	19	56
52	262144	53
56	262144	59
