node	size	children
27	16384	32
26	16384	28	29
34	65536	36
25	65536	26
31	262144	34
2	16384	16	25
16	65536	21
36	65536	39
21	262144	28
35	262144	36
29	262144	30
20	262144	22	35
0	65536	9	22	23
9	65536	11	13	19	29
19	65536	20
3	16384	9	15
15	16384	16	27
17	16384	20
1	65536	10	15	19
22	262144	24	35
10	65536	12	17
24	65536	26
6	262144	10
12	16384	14
23	65536	24	37
5	262144	12
37	65536	38
14	262144	18	25
38	16384	40
11	16384	14
33	262144	38
8	262144	11	17
4	16384	8
40	262144	
7	65536	8	13	31	33
13	16384	18	23
39	65536	40
18	65536	32	37
30	262144	39
28	16384	30
32	262144	34
