node	size	children
11	65536	14
32	262144	35
22	262144	29
2	262144	11
35	16384	37
19	16384	21
28	262144	29
33	262144	35
21	262144	23	24	31	34
3	262144	12
31	65536	33	40
20	262144	21
40	16384	41
17	65536	20
41	65536	43
5	65536	17
7	262144	17
39	65536	41	44
23	262144	25
38	65536	39
18	262144	23	31
37	65536	39
12	262144	13	18	34
44	262144	46
10	262144	12	36
46	16384	47
8	65536	10	26
26	16384	30
42	262144	46
4	262144	10	26
36	262144	42
30	16384	37	38
47	16384	
15	65536	27	28	30
6	65536	9
45	262144	47
29	65536	33
13	262144	15
0	16384	9	16
9	16384	13
16	262144	18	22
43	262144	45
27	65536	45
14	262144	15	16	22
34	65536	43
25	262144	27
1	16384	11	14	19
24	65536	25	32
