node	size	children
11	262144	25	43	51	59
66	65536	70
20	262144	25
12	16384	29	33
40	65536	42	73
43	65536	44
59	65536	66
29	16384	34
2	65536	20
38	16384	40
44	262144	46
10	262144	22
64	262144	66
16	16384	19	29	31
37	65536	38
34	262144	44
6	65536	23
63	65536	64
5	262144	16
31	16384	37
46	262144	48	65	67
1	16384	16
61	262144	64
19	16384	20	45	77
23	262144	27	31	35	53
48	65536	52	79
79	262144	80
14	262144	19	47	67
18	16384	23
45	65536	48
80	262144	82
47	262144	50
3	262144	18	35
52	16384	54	59
35	16384	36	49
74	262144	80
50	65536	60
49	16384	52
69	262144	74
36	262144	38
42	16384	50
8	16384	21	30
54	65536	56
67	16384	74
32	262144	36
41	65536	42	75
53	262144	54
82	65536	
27	16384	32
75	262144	76
56	16384	62
24	262144	27	57	69
81	262144	82
76	65536	78
51	262144	56
77	262144	81
7	262144	24
72	262144	76
22	65536	24	51	63
62	16384	68
26	65536	28	77
71	262144	72
4	262144	22	57
60	262144	62
57	16384	58
15	262144	26	71
39	262144	46	71
68	262144	70
58	65536	60
9	65536	17	39
0	65536	21	39	61
28	65536	32	37
17	16384	18	30	41	45
21	65536	28	65
73	16384	78
78	262144	81
65	262144	68
55	16384	58
13	65536	17	33
70	65536	72
25	262144	26	55
30	65536	40	43
33	262144	34
