node	size	children
24	16384	32
14	262144	17
68	16384	70
46	65536	48
61	65536	62	65
5	262144	14
70	262144	
17	65536	21	41
45	16384	46
27	65536	28	61
62	16384	64
23	16384	24	27	31	45
0	16384	17
69	65536	70
48	262144	50
21	262144	26
7	262144	23	33	37	45
44	16384	48
67	65536	69
33	262144	34
2	16384	21
65	262144	66	67
41	65536	44
26	262144	28
22	16384	24	33
66	65536	69
43	262144	44
8	65536	26	57
12	16384	22	29
57	65536	60
50	262144	54
29	65536	30	39
60	65536	62
40	262144	50
30	16384	34	37
58	65536	60
34	262144	40	51
28	262144	30	39	65
56	262144	58
51	65536	52
39	16384	42
52	65536	56
6	65536	15	51
42	262144	46
47	262144	52	53
36	65536	40
13	65536	16	31
38	65536	42
54	16384	66
25	65536	36	47
16	65536	19	41
37	262144	38	55
15	16384	22	25	43	55
49	65536	54
55	16384	58
1	65536	16
9	16384	15	63
4	16384	18	49
19	262144	20	27	67
18	262144	20
32	65536	38
63	262144	64
11	262144	19	35
3	65536	18
31	262144	32	53
20	65536	23	59
64	16384	68
35	16384	36
53	262144	56
59	65536	68
10	65536	14	35
