node	size	children
52	262144	63
80	262144	88
88	65536	89
86	65536	88
89	16384	
87	16384	89
85	65536	87
82	65536	85
4	262144	24	48
24	262144	29
83	262144	87
81	16384	83
3	16384	24	70
70	262144	81
78	65536	83
59	16384	61	70
39	65536	43
23	16384	29	59	76	78
38	16384	39	72
8	65536	23
21	16384	23	68
72	262144	75
15	65536	21
37	262144	39
7	16384	21	32
35	16384	37
32	262144	47
27	16384	35
14	65536	17	32
5	65536	27
17	262144	19
34	16384	51
29	16384	31	34	59
16	65536	17
61	16384	69
19	16384	25
1	262144	19	40	46
40	65536	41	64	66
41	65536	45
36	16384	41	52
6	65536	28	30	36	60	74
28	65536	35	38
25	262144	28	76
10	262144	25
76	262144	79	86
79	16384	81
77	16384	79
75	16384	77
73	262144	75
69	65536	73
67	16384	69
64	262144	67
66	65536	67
60	65536	61	66
22	262144	27	54	60
9	262144	22
12	65536	22	30	82
30	65536	33	38
33	262144	37	42	46
31	65536	33
26	262144	31	52
2	65536	26
20	16384	26	56
0	262144	20	50
50	262144	53
13	262144	18	42	50
18	16384	20	34	54
11	262144	18	68
68	16384	71
71	65536	73
65	16384	71	82
58	16384	65	84
56	16384	58
53	65536	56
46	65536	53	74
74	65536	77
84	65536	85
54	16384	55	84
55	16384	57
51	16384	55	78
49	65536	51
48	65536	49
47	16384	49	80
43	16384	47
42	16384	43	44
44	65536	45
45	65536	57
57	65536	62	80
62	16384	63
63	65536	65
