node	size	children
35	262144	39	52
24	65536	27	50	58
23	262144	25	42
0	65536	23	40
34	16384	35
27	16384	29	30
22	65536	23	56
52	65536	61
12	16384	20	22
61	65536	63
26	16384	27
56	16384	59
63	65536	65
9	65536	15	26	34	44
15	16384	17
42	16384	43	56
62	65536	63
7	16384	15
43	262144	45
17	65536	19	44
65	16384	
38	262144	43
5	262144	17	28	38	62
64	16384	65
28	65536	33	42
45	65536	47
59	65536	64
33	65536	39
44	16384	45
58	262144	64
40	16384	41
31	262144	33
47	65536	49
48	16384	51
29	262144	31	34
46	262144	47	60
19	65536	21	48
3	65536	29	36
60	16384	61
21	262144	25
10	65536	13	40
36	65536	37
57	65536	59	60
13	262144	16	28	48
30	262144	31	36
4	16384	21
53	262144	55
54	262144	57
37	65536	41
6	16384	13
16	16384	18
50	16384	53
2	16384	14	54
20	16384	37
55	65536	57
8	16384	16
49	16384	53
18	65536	19	46	62
1	65536	20	32
51	262144	55
32	16384	35
41	65536	49
14	262144	18	26
39	16384	51
25	262144	32	50
11	65536	14	24
