node	size	children
2	262144	8	21
18	16384	27
21	262144	22
17	65536	18
22	16384	26
27	16384	28
20	16384	22
28	65536	32
19	16384	20
32	16384	36
16	65536	20	29
36	16384	39
4	262144	16	33
33	65536	34
39	65536	40
34	65536	38
35	65536	39
29	65536	34
40	262144	
38	65536	40
15	65536	16
37	65536	38
1	65536	9	35
9	65536	12
23	262144	24	37
5	65536	9	14	23	37
14	16384	24	25
24	262144	30
7	16384	10	14
30	16384	32
10	16384	13	19
26	16384	30	31
3	262144	10
13	16384	28
25	65536	26
6	262144	11	13	15
31	16384	36
11	262144	12	15	17	21
12	65536	18	31
8	262144	11
0	16384	8
