node	size	children
35	16384	39
0	16384	11	14
14	65536	15	18
31	65536	35
10	65536	11	14	32
28	262144	30	31	32
2	16384	10	21	28
30	65536	33
21	262144	23	24	34
33	262144	43
1	65536	20	21	22
20	65536	25
32	65536	33
5	16384	12	16	20	37
43	16384	45
12	262144	15	26	28	30
41	65536	43
8	16384	12
15	16384	22	31
36	262144	41
22	16384	25
34	65536	36
25	262144	29	38
26	262144	35	36
29	65536	34
45	16384	
27	16384	29
44	262144	45
6	16384	9
23	262144	27	38
37	65536	44
9	65536	13
7	16384	9
19	65536	23
13	65536	17	18
24	65536	27
18	16384	19
4	262144	13
17	65536	19
38	65536	39
3	16384	10
16	262144	17	26
39	16384	41
11	262144	16
