node	size	children
55	65536	63
29	262144	33	36	38
12	262144	13	42
50	16384	55
25	65536	29	46	58
13	262144	16
63	65536	65
23	262144	25	34
4	65536	13	24
59	65536	63
24	262144	27
19	65536	23	26
57	262144	59
27	16384	29
9	16384	19
11	65536	21
17	65536	19	24
56	262144	57	58
0	262144	27	42	46
21	16384	23	40	52
58	262144	59
46	16384	47	60
2	16384	17	22
22	16384	35
20	65536	21	22	32
45	65536	57
47	16384	49
35	65536	41	54
10	65536	20
34	65536	47	62
40	262144	45
33	65536	35
18	262144	20	28	30	56
62	65536	64
65	65536	
31	16384	33
1	262144	18
60	262144	61
16	16384	18
64	262144	65
30	262144	31
7	16384	25
61	65536	64
5	65536	16	48
26	262144	31
3	65536	14
48	16384	49	50
54	65536	61
41	16384	43
6	65536	15	26	48
15	262144	17	30
52	65536	53	54
37	16384	41
14	65536	15	34
53	262144	55
36	16384	37
8	16384	14	32
51	65536	53
28	16384	37
32	16384	39	40
49	16384	51
43	16384	45
39	262144	44
44	262144	51
42	262144	43
38	16384	39
