node	size	children
9	65536	11	34
33	262144	36
8	65536	9
3	16384	8	20
36	65536	37
20	65536	25	26
34	65536	36
7	16384	9	12	14	20
0	65536	7	18
26	16384	30	32	34
18	262144	28	29
30	65536	31
28	16384	33
31	16384	35
19	16384	21	28
29	262144	31
14	16384	19	24
35	16384	37
2	262144	8	14
24	16384	25	30
32	16384	35
25	65536	27	29
37	65536	
27	65536	33
1	262144	7
23	262144	27
4	262144	11
22	16384	23
21	16384	23
17	16384	21
5	262144	10
10	262144	15
16	262144	17
15	65536	19	24
13	16384	16
11	16384	15	22
6	65536	13
12	262144	13
