node	size	children
55	262144	56
38	262144	48	51
56	65536	60
35	16384	38	49
60	65536	66
5	16384	20	35
20	262144	22	51	73
66	65536	80
7	16384	20	49
49	16384	52
80	65536	86
86	16384	88
52	16384	54
51	16384	52
88	65536	91
84	262144	88
54	16384	62
45	16384	54	87
81	65536	84	89
87	16384	90
89	262144	90
90	65536	92
13	65536	19	76	87
19	16384	24	41
92	65536	
91	262144	92
17	65536	19	43	81
43	65536	46
83	262144	91
82	16384	84
46	262144	48	85
79	262144	82
85	262144	86
74	16384	82
78	65536	85
72	16384	74
75	65536	78
69	262144	72	76
71	16384	75
10	16384	25	69	75
62	262144	64	71
76	65536	78
59	262144	62
73	262144	74
64	65536	68	81
61	262144	64
31	16384	32
68	65536	70	79
15	262144	27
63	65536	68
6	65536	23
70	65536	72
67	16384	70
36	262144	41	55	67
14	262144	36
41	65536	44	71	79
44	65536	58
58	65536	60
53	16384	58
9	16384	24	53	73
24	65536	34
34	16384	38	55
12	65536	26
26	16384	28	63
23	16384	26
4	65536	23	33	37	83
33	65536	36
28	262144	31	33
11	262144	28	37
37	16384	40	42
40	65536	46
39	16384	40
16	262144	18	39
18	65536	21	53
1	65536	18	77
77	262144	80
42	16384	44	77
2	16384	29	42	59
29	262144	31	35
27	65536	29
3	16384	27	65
65	262144	66
32	16384	34	45	65
30	16384	32	47
8	262144	30
25	65536	30	69
22	65536	25	83
21	262144	22
0	16384	21	39	57	61
57	16384	67
50	16384	56	57
47	16384	50
48	262144	50
