node	size	children
17	16384	19	54
28	65536	33
77	65536	
7	16384	17
13	262144	15
32	262144	33
75	65536	77
15	262144	17	52	66
3	65536	18	30
10	262144	19
18	262144	20	34
49	16384	55
73	65536	75
5	262144	15	38
38	262144	39	68
48	262144	49
6	262144	21
71	65536	73
0	262144	18
20	16384	39	42
39	262144	43	50
68	65536	71
55	262144	57
43	65536	53	56
4	65536	20	46
46	262144	47	60
69	16384	71
52	65536	55	58	64	72
40	262144	43	48
9	262144	16	46
67	16384	69
16	262144	24	62
58	16384	61
1	262144	25	28	40
25	65536	27	36
64	16384	67
61	262144	63
8	65536	16
24	65536	25	48
65	65536	67
27	262144	29	56
59	262144	61
21	262144	24	42
60	65536	65
29	65536	31
54	16384	59
12	262144	21	30	44
23	262144	29	34
63	262144	65
53	65536	59	66
30	262144	35	54	70
62	65536	63
2	262144	23
51	16384	53
11	262144	23
35	262144	37
57	262144	69
47	262144	51
34	16384	36	62
31	262144	35
56	16384	57
45	262144	47	70
36	262144	37
26	65536	31
72	16384	73
44	262144	45	74
37	65536	41
14	16384	22	26
70	262144	75
74	16384	76
41	16384	49
22	65536	27	32
42	262144	45	50
76	16384	77
33	65536	41
19	262144	22
50	16384	51
66	16384	76
