node	size	children
87	65536	89
55	16384	57
84	16384	87
51	65536	55
89	16384	96
50	262144	51
85	65536	89
57	262144	59	84
77	16384	85
53	262144	57
76	16384	77
49	16384	53
58	16384	63	76
39	16384	49
63	262144	65
38	65536	39	40
59	65536	63
25	262144	32	38	52
52	65536	59
17	262144	25
65	262144	73	98
2	65536	25	68
64	262144	65
68	65536	71
73	16384	79
40	16384	41	62	68
71	262144	73	78
11	262144	26	40	72
26	262144	28
69	262144	71
12	65536	26	80
67	65536	69
61	16384	67
80	65536	83
83	16384	85
47	262144	61
46	65536	47
81	65536	83
7	16384	21	44	46
79	65536	81
44	262144	53
74	16384	79
60	262144	61	76
41	16384	47	74
56	262144	60
35	262144	41	74
62	16384	67
31	16384	35
66	65536	69
13	65536	31
78	16384	81
30	65536	31
98	65536	99
28	262144	30	88
99	16384	
8	16384	28
97	262144	99
88	65536	92
95	65536	97
9	262144	24	88
24	65536	27
93	262144	95
22	16384	24	94
92	262144	95
14	16384	22	70
96	65536	97
70	16384	75	93
94	65536	96
75	16384	77
3	16384	30
72	65536	75	82
82	262144	87
5	16384	29
29	16384	39	72
23	65536	29	48
18	65536	23
6	16384	23
48	262144	51
33	262144	35	48	78
32	262144	33	66	82
27	16384	32
21	16384	27
16	65536	21	42
42	16384	43
15	16384	20	42	44	56	58	98
20	262144	33	36	50	64
10	65536	20
36	262144	37	52	64	84
4	65536	19	36	66
19	16384	22	38
0	262144	19	34	50
34	65536	45
45	16384	49
43	262144	45	54	58
37	16384	43
1	262144	37
54	16384	55	56
