node	size	children
1	65536	15
34	262144	36
17	262144	22
30	65536	36
22	65536	24
24	16384	27
27	262144	29
26	16384	27	32
0	65536	7	10	14
7	65536	11	12	16	34
32	262144	33
4	262144	7
11	65536	17
33	65536	35
10	65536	11	18	26	34
25	16384	33
18	262144	23	26
20	262144	25	28	30
14	262144	18
28	65536	31
5	16384	14	19	20	25
31	262144	35
19	16384	21	28
29	16384	31
3	65536	8	19
23	16384	29
8	262144	9
2	262144	8
21	65536	23
9	65536	13	22
6	16384	9
16	262144	21
13	16384	15
35	65536	37
12	262144	13
37	262144	
15	65536	17
36	262144	37
