node	size	children
17	262144	22
18	16384	22	41
6	16384	18	59
59	65536	72	75
28	16384	31	59	69
5	262144	28	63
63	262144	68	73
4	16384	21	63
21	65536	26	47	51
7	65536	21	53
53	16384	56
48	65536	50	53
47	262144	48
46	16384	48
44	16384	46
42	262144	44	61
40	262144	42	57	81
39	65536	40
26	262144	29	39	65
12	262144	26
29	16384	30
8	262144	29
30	16384	34	61	79
10	16384	30
34	16384	36	41
32	16384	34
24	262144	32
1	16384	24
31	16384	32	85
85	65536	88
88	16384	90
86	65536	88
82	262144	86
77	262144	82
80	16384	82
75	16384	80
41	262144	56	75
56	16384	60
60	16384	62
57	262144	60
62	65536	64
64	16384	66
61	65536	64
66	262144	70	81	83
65	16384	66
70	262144	74
69	16384	70
74	262144	78
73	16384	74
78	16384	80
76	16384	78
0	262144	27
72	65536	76
27	262144	40
68	16384	72
14	262144	27	37	71
71	262144	76
37	16384	38
3	65536	19	33	43	71
43	262144	50
25	262144	31	37
50	262144	52
11	16384	25	55
55	262144	58
81	65536	86
58	65536	62	69
83	16384	84
54	16384	58
84	262144	89
52	65536	54	73
79	65536	84
49	65536	52
89	262144	90
38	16384	42	49
87	65536	89
36	262144	38	47
90	16384	
35	16384	36
51	16384	54
15	65536	20	35
2	16384	18
20	16384	28
9	65536	23
16	262144	20	67
67	65536	68
23	262144	25	43	49	67
19	16384	23
13	16384	19	45	65
45	16384	46	77	87
33	262144	44	45
22	16384	24	33
