node	size	children
15	65536	19
56	262144	58
22	16384	24
8	262144	15	37	39
52	65536	56
37	16384	40	41	49
18	65536	22
51	16384	52
26	16384	37
17	16384	18	23
1	16384	19	51
40	16384	46	47
14	262144	17
49	262144	52
39	16384	40
3	65536	14
50	65536	56
9	65536	14	35
32	16384	34	39
35	262144	38
47	262144	50
30	262144	32	45
6	65536	13	23	26	35	47
48	65536	50
13	262144	15
29	65536	30	31
42	65536	48
7	16384	13	43
31	65536	32
41	65536	42
43	65536	44
45	262144	46	49
38	16384	42
44	262144	48
4	262144	12	51
46	16384	54
0	65536	17	25
36	262144	44	45
12	16384	20	29	31
24	16384	28
54	262144	59
34	16384	36
11	262144	12	55
23	262144	24
53	16384	54
28	65536	34
55	262144	58
59	16384	60
2	16384	28	33
27	262144	36	55
33	262144	38
57	262144	59
10	262144	16	27
25	16384	30	33	57
60	16384	
16	65536	18	53
20	262144	25
58	262144	60
5	65536	16	21	26
19	262144	20
21	16384	22
