node	size	children
71	262144	76	91
76	65536	78
74	16384	76
67	65536	74	82
63	16384	64	67
64	65536	66
62	65536	64
56	262144	62
54	16384	56
52	65536	54
48	65536	52
47	16384	48	61
37	65536	38	47
31	262144	32	37
29	65536	31
3	65536	29	75
75	65536	80
80	16384	84
77	16384	80
84	16384	86
82	65536	84
73	65536	74	82
86	16384	90
81	262144	86
78	16384	81
72	16384	78	89
70	262144	72
68	16384	70
65	16384	68
57	16384	58	65
24	262144	30	57
13	262144	24
8	65536	24	49
49	65536	50	83
50	262144	58
46	16384	50
41	16384	46
30	262144	32	41	55
10	262144	30	37
32	16384	34
34	65536	44
11	262144	34
44	262144	46
55	16384	56
45	65536	48	55
0	65536	20	45	85
6	16384	18
85	65536	88
18	262144	21
83	16384	85
4	16384	18	39
39	65536	40
88	262144	92
87	65536	88
40	262144	42
2	16384	27	87
38	16384	40	63
92	262144	94
35	262144	38
91	16384	92
15	262144	19	35
94	16384	
19	262144	23	79
93	262144	94
14	16384	19
79	16384	93
23	16384	25	73	79
90	262144	93
5	65536	23	59
89	65536	90
59	16384	60	77
60	262144	68
58	65536	66
42	16384	60
66	262144	72
69	65536	70
36	262144	42	69	75
7	65536	29
33	16384	36	61
61	16384	62
25	16384	28	33
53	65536	54
22	262144	25
28	16384	36	53
21	65536	22
1	262144	22
9	16384	21	51	57
51	16384	52
17	262144	26	51	65	87	91
26	65536	31	47	63
20	262144	26
12	16384	20	43	89
43	16384	44	49	73
27	262144	28	43
16	262144	27	71
