node	size	children
33	262144	36
15	65536	19	35
38	65536	40	57
56	65536	58
1	65536	15
32	65536	38
19	65536	22	31	33
55	262144	56
23	262144	32
10	65536	19	21	49
41	262144	42	55
31	65536	32
21	65536	24
42	65536	44
57	262144	59
24	65536	30	31
58	16384	60
59	16384	60
22	262144	24	26
53	16384	58
52	16384	59
26	262144	46
3	65536	17
60	262144	
47	65536	52
17	16384	20	23	57
46	16384	48
51	16384	52
8	262144	12	47	49
5	16384	17
44	262144	46	51
20	16384	22	53
12	262144	14
43	65536	44
11	16384	12
18	16384	20
40	262144	42	43
49	262144	50
7	16384	18	29	45
29	262144	30	33
37	16384	40
50	16384	54
16	65536	25	29	55
45	16384	50
35	16384	36	37	47
0	262144	16
54	262144	56
25	16384	28	35
14	16384	16	23	25
48	65536	54
28	16384	34	43
27	65536	28	51
13	16384	14	27
39	16384	48
34	65536	38
4	262144	13
9	65536	13
2	16384	18	39
30	262144	34
36	16384	39
6	262144	15	27	41
