node	size	children
33	65536	35	36
27	16384	31
73	262144	75
29	65536	35
32	65536	33	40
25	262144	27
60	16384	73
28	65536	29
40	65536	45	60
31	65536	33	50	56
75	16384	
24	16384	28
50	16384	55
8	16384	18	40	66
74	65536	75
16	16384	24
18	262144	25
70	262144	71
55	262144	57
68	65536	74
10	65536	16	42	62
15	65536	18
57	65536	61
42	16384	45
72	65536	74
13	65536	15	64
56	16384	57
34	262144	42
4	262144	19	72
64	16384	67
61	16384	63
45	16384	47	52
6	65536	16
48	65536	55	64
11	65536	22
58	262144	61	62
47	16384	49
22	65536	25	48
9	65536	17
62	65536	63
49	16384	51
17	262144	20	32	58	66
19	16384	22	34
63	16384	65
46	16384	49
1	65536	17
14	262144	19	54
20	16384	24	46
65	262144	69
51	65536	53	60
54	65536	59
5	262144	20	26
59	16384	65
43	16384	51
26	262144	31
44	16384	47	54
69	262144	71
2	65536	23	26	70
12	262144	15	43
23	65536	29
41	262144	44
67	262144	69
53	16384	59
3	262144	23	30	38	44
38	262144	41
66	65536	67
30	16384	37	68
52	65536	53
39	65536	41	43
71	16384	73
7	65536	21	28	36	52
37	262144	39
21	65536	27
35	16384	39	70
36	16384	37	48
0	16384	21
