node	size	children
77	262144	85
48	16384	49
90	16384	95
76	16384	77
2	262144	22	48	54	78
50	262144	51	90
22	65536	23
64	262144	65	76
54	262144	63
6	16384	22	94
74	16384	79
94	16384	95
66	262144	71	76
80	262144	81
71	65536	75
70	16384	73	94
67	16384	69	70
68	262144	71	72
39	262144	41
65	16384	67	80
17	16384	19	68
62	262144	67
59	262144	65
19	16384	24	84
10	262144	19
58	65536	59
9	262144	27
84	65536	87
35	16384	39	58	74
72	16384	73	84
20	262144	35
5	262144	20	36
14	65536	23	72
36	65536	43
23	16384	29
43	65536	49	56	62
73	16384	75	82
41	16384	43
75	16384	77
40	262144	41
82	16384	83
15	65536	28	40
83	16384	87
28	16384	30
81	262144	83
30	16384	31
79	65536	81
31	262144	39
69	65536	79
0	65536	31	44	60	66
44	65536	45
63	65536	69
45	262144	47
61	65536	63
42	16384	45
56	16384	61
18	65536	20	34	42	64
60	262144	61	86
34	262144	37	46	66
86	65536	89
37	16384	46
11	65536	32	68	86
46	262144	53
32	262144	35
53	262144	55
16	65536	32
49	262144	53
89	65536	91
55	65536	57	78
91	65536	96
57	16384	59
96	65536	99
52	65536	57
92	262144	96
87	16384	92
21	65536	25	52
7	16384	21
99	65536	
4	16384	21
97	16384	99
78	65536	85
95	65536	97
85	65536	89
12	65536	33
33	16384	37
29	65536	33	56
27	65536	29	50
3	16384	27	93
93	262144	97
25	65536	28	93
24	65536	25
8	65536	24	88
88	16384	91
51	262144	55	88
47	262144	51
38	65536	47
1	65536	26	38	74
26	262144	30
13	16384	26	48	80
