node	size	children
8	262144	26	72
27	65536	32	54	56	76
72	16384	75
25	65536	27
75	262144	77
5	65536	25
71	65536	75
24	262144	25
4	262144	24	34	42	46
67	65536	71
34	16384	35	48
66	16384	67	90
35	16384	41
52	65536	59	66
23	262144	35
42	16384	45	52
14	65536	23	36	44	78	92
45	65536	47	86
36	65536	37
43	262144	45
9	262144	20	36	76
41	65536	43	56
20	65536	28	58	62	86
0	65536	20	68	80
86	262144	87
68	262144	69	94
87	262144	89
37	262144	43	68
84	16384	87
76	262144	77	84
32	16384	37	38	42	70	92
77	16384	83
2	262144	32
38	16384	39	48
83	16384	89
6	16384	38
39	16384	41
74	65536	83
33	16384	39
15	16384	22	74
29	262144	33	80
22	65536	24
7	16384	22	82
28	65536	29	40	64
82	262144	85	88
3	16384	28
40	262144	49
85	16384	91
81	65536	85
49	262144	53
79	262144	81
48	262144	49
53	65536	57
73	65536	79
47	16384	53
59	262144	73
69	16384	73
46	16384	47	50
50	65536	51
64	16384	69
51	262144	55
78	65536	79
44	262144	51
80	16384	81
55	262144	59
91	16384	95
54	16384	55
88	65536	91
12	65536	21	54	88
95	16384	97
94	16384	95
21	65536	26
97	262144	
16	16384	21
26	65536	27
96	16384	97
93	262144	96
90	16384	93
17	16384	29	90
89	65536	93
92	262144	96
65	65536	67
63	262144	65
62	16384	63
58	16384	65
70	16384	71
19	262144	23
18	65536	19
1	65536	19
10	16384	30
11	65536	31	50	94
31	65536	33	66
30	65536	31
13	16384	30	60
60	16384	61
61	262144	63	70
57	65536	61
56	262144	57	78
