node	size	children
20	262144	23
13	262144	20	54	70
54	16384	55
10	16384	20	54	68
68	65536	71
18	16384	25	68
25	262144	31
3	16384	25
31	65536	34
24	262144	31	82
16	262144	24	52
52	262144	55
34	16384	35	52	74
12	65536	22	34	56
1	16384	26
26	262144	28	40
22	65536	33
5	16384	26
28	262144	32
9	262144	22
33	262144	35
0	65536	28	36
35	262144	39	78
36	16384	43
43	16384	47
39	262144	47	80
47	262144	49
42	16384	43
80	65536	87
32	16384	33	42	58	88
30	65536	32
87	65536	91
6	262144	30
85	65536	87
21	65536	30	38	48
84	262144	85	92
11	16384	21	50	60	64
64	262144	67	84
50	16384	53
67	262144	73
53	65536	61
66	65536	67
51	262144	53	80
17	16384	24	44	66	89
49	65536	51	76	84
89	262144	91
45	262144	49
4	262144	19	89
44	16384	45	46
19	262144	21	90
14	262144	27	44
8	262144	19
90	262144	93
27	16384	37	64
93	65536	97
2	16384	27
37	65536	39
92	65536	93
29	262144	37	92
97	16384	
95	16384	97
23	65536	29	40
15	16384	23
94	65536	95
86	16384	94
61	16384	63	86
60	16384	61	72
72	262144	79
46	65536	57	62	72
57	262144	59
55	65536	57
59	65536	69	70
56	262144	59
48	16384	51	56	78
78	16384	81
81	65536	88
79	16384	81
75	262144	79	86
74	16384	75
69	65536	75
65	65536	69
63	16384	65
62	16384	63
7	16384	29	62
58	65536	65
88	65536	95
70	65536	71
71	262144	73
73	65536	77
77	262144	83
76	65536	77
83	65536	85
82	262144	83
91	65536	94
40	262144	41
41	16384	45
38	65536	41
