node	size	children
71	262144	73
56	65536	57	64
39	65536	44
6	16384	24	41	45
24	16384	26	38	40	56	74
70	16384	71
64	65536	66
33	65536	39	68
36	262144	39
73	16384	79
1	16384	24
63	65536	77
17	262144	33
26	262144	29	56
10	16384	22	30	82
72	262144	73
22	65536	27
54	262144	63
9	16384	26
8	65536	17
29	16384	31
38	16384	43	72
20	16384	22	46	48
85	65536	
4	16384	17
31	16384	33
15	262144	29	34
43	65536	53
84	65536	85
12	65536	20	42	54
68	262144	69
34	16384	35	36	54
41	16384	43
46	16384	47
42	65536	48	52
69	65536	75
79	65536	82
35	16384	37
0	65536	18
40	262144	42	52	58
13	65536	20
75	262144	79
32	65536	35
66	65536	69
37	262144	40
2	65536	19	66
74	16384	75
7	65536	25	32	51
19	65536	23	38	84
27	65536	37	51	60
25	16384	28
82	16384	83
18	65536	27	62
16	16384	19	58
11	16384	25	50
83	16384	85
58	262144	59	70
3	65536	18	60
28	16384	31
60	262144	65
77	16384	83
59	65536	61
23	16384	28
65	262144	67
76	16384	77
61	65536	67	84
21	65536	23	30
62	262144	65
55	262144	57	64	76
49	65536	61
5	16384	21
53	65536	59	62
52	16384	55
14	16384	21	45
48	65536	49
50	262144	53
51	16384	55
30	65536	36
44	262144	49
47	262144	50
57	65536	63
67	16384	71
45	262144	47
