node	size	children
19	262144	30
31	16384	32
15	65536	16	19
32	65536	34
16	262144	18	21
2	262144	8	15	25
18	65536	20
8	262144	11
7	16384	8	37
13	262144	18
37	262144	38
3	16384	9	13
5	16384	11	15	37
20	65536	22
11	262144	14
22	16384	24
14	262144	22	33
24	16384	35
10	65536	14	27
21	262144	24
4	65536	10
6	262144	10	17
35	16384	39
17	262144	20	31
39	65536	40
0	262144	12	17	29
12	16384	16	27
33	65536	39
9	16384	12	19
40	65536	
1	65536	9	23	25	35
23	65536	26
38	65536	40
26	65536	28
34	65536	38
25	65536	26	29
28	262144	34
29	16384	30
27	65536	28	31
30	262144	32
