node	size	children
40	262144	47
15	16384	18	28
72	16384	73
14	65536	17	40
44	16384	45
1	65536	15	26	32	62	76
26	262144	27	30
54	16384	61
17	262144	21
73	65536	78
12	65536	16	26
65	262144	73
61	16384	63
13	16384	17
16	65536	22
62	262144	65
60	262144	61
56	262144	59
7	65536	16
63	262144	71
59	65536	65
22	65536	30	46
49	16384	51	62
58	65536	63	64
57	65536	59
0	16384	22	42	76
48	65536	49	70
42	262144	47	74
64	16384	67
52	16384	57
41	65536	48
38	16384	42	60
71	65536	75
39	262144	41	50
5	262144	20	52	58
20	262144	25	52
19	262144	25	38
70	65536	71
35	262144	39
3	65536	20	36	54
18	65536	19
23	262144	35
75	262144	78
36	65536	41	43
9	65536	18	68
21	16384	23	50
31	16384	33	36
74	65536	75
68	65536	69
78	262144	79
30	16384	31
69	65536	77
46	262144	51
4	262144	21	46
47	16384	55	56
79	65536	
67	262144	69
33	16384	35
51	16384	53
11	262144	24	34
66	262144	67
27	262144	33
53	262144	55	70
77	65536	79
24	16384	29
25	16384	27
37	262144	39	66
50	65536	53
76	262144	77
10	262144	23
34	262144	37
8	262144	24
29	16384	31
55	16384	57
43	16384	45
2	262144	15	34
6	262144	19
45	65536	49
28	262144	29	44
32	16384	37	72
