node	size	children
40	16384	46
21	262144	22	43
0	262144	12	25	53
37	65536	40
12	65536	15	37	45
6	65536	18	21	37	49
9	262144	14	25
18	262144	26
2	262144	12
56	65536	59
15	65536	20	31
26	16384	30
54	65536	56
11	65536	15	39
20	16384	26	41	55
51	65536	54
39	16384	42
19	16384	20
52	262144	54
4	262144	13	39
41	65536	44
50	65536	52
13	65536	16
44	262144	50	51
1	65536	13
45	16384	50
16	65536	19
43	262144	44
49	262144	52	55
8	262144	16	33
29	65536	32	43
55	65536	58
33	262144	38
32	65536	34
58	16384	60
38	262144	40
30	16384	32	47
36	262144	38
53	16384	58
28	65536	30
60	262144	
35	16384	36
47	262144	48
59	262144	60
7	65536	17	35	49	57
17	65536	18
48	262144	56
57	16384	59
3	65536	17	23
23	16384	24
34	16384	36
10	65536	14	28
46	16384	48
24	262144	29
27	65536	34
14	16384	19	31	33
42	65536	46
22	262144	24	28	41
31	262144	42
5	262144	22
25	262144	27	45
