node	size	children
33	262144	36
31	16384	32	45	55	85
10	65536	31
36	65536	48
81	16384	82
28	16384	31	53
82	262144	88
26	16384	28	69
78	262144	82
25	262144	26
72	65536	78
3	65536	25
8	262144	26	43	57
43	16384	44
70	16384	72
61	262144	70
21	262144	29	43	67
68	262144	70
9	16384	21	79	89
79	65536	80
67	262144	68
80	65536	84
71	262144	72
77	65536	78
76	262144	80
5	65536	20	77
75	65536	76
88	65536	92
4	65536	27	75
87	262144	88
27	262144	30	35	71
22	65536	27	39	87
92	16384	94
0	65536	22
91	65536	92
14	262144	22	59	77
56	65536	64	91
59	16384	60
55	16384	56	73
54	262144	56	59	87
73	262144	84
48	16384	54
84	16384	86
47	16384	48	89
86	262144	93
11	262144	29	47	53
85	262144	86
29	16384	34
93	262144	94
34	16384	36	63
90	16384	93
32	16384	34	35	51	91
89	65536	90
24	262144	32	63
83	65536	90
20	65536	24
52	262144	62	83
12	262144	20	37
50	65536	52
37	262144	38	39	61
44	262144	50
38	262144	40	57
49	16384	50
35	65536	38	41
46	65536	52
41	65536	42
39	16384	46
42	65536	44
62	16384	64
40	16384	42	81
60	16384	62
30	65536	40
58	65536	60
15	262144	30	33
57	262144	58
51	262144	58
1	65536	24	51
64	16384	66
66	16384	74
63	65536	66
74	16384	76
69	65536	74
94	65536	
53	65536	54
16	262144	28
17	262144	19
19	16384	23	47
6	65536	19
23	65536	25	49
2	65536	23	65
65	16384	68
7	16384	18	65
18	16384	21
13	262144	18	45
45	16384	46
