node	size	children
54	16384	56
77	262144	79
57	262144	58
67	16384	68	77
53	16384	54
80	65536	
29	262144	30	57
60	262144	66
68	16384	70
12	16384	27
13	262144	20	29	37
62	16384	68
59	262144	60	75
10	16384	21
44	262144	48
20	16384	25	31
21	262144	22
49	65536	62	69
30	16384	32
41	65536	44	49	59
0	65536	20
34	262144	38	41	71
1	65536	21
22	262144	25
25	65536	26
4	16384	28
69	16384	70
38	16384	43
32	65536	34
70	262144	74
19	262144	22	61
31	16384	34
43	262144	46
26	16384	32
74	65536	76
9	16384	19	47	53
37	65536	39
47	262144	52
23	262144	26
72	65536	74
35	262144	36	37	63
52	65536	54
18	65536	23	33
71	65536	72
79	16384	80
36	262144	44	73
50	65536	52
66	16384	72
7	262144	18
15	262144	18
27	16384	36
64	65536	66
48	16384	50
75	262144	78
33	262144	38	40
46	16384	48	53
61	16384	64
2	262144	27	45	65	67
45	262144	50
28	262144	30	33	49
42	262144	46
63	16384	64
3	262144	17	39	45
24	65536	28	35	77
17	65536	19	29	41
40	262144	42	43
76	16384	78
11	262144	24
16	16384	23	40
73	262144	76
5	262144	17
39	262144	42
14	262144	24	55
8	65536	16	51
6	262144	16	73
65	16384	79
51	262144	56	63
55	262144	58	71
78	16384	80
56	262144	60
58	262144	62
