node	size	children
20	16384	24
12	262144	26	83
83	65536	84
18	16384	20
84	16384	90
15	262144	18	53
6	16384	18	59	75
82	65536	84
59	16384	66
79	16384	82	89
38	65536	48	59
89	16384	91
31	262144	38	41
91	262144	92
29	16384	31	39	75	79
88	16384	91
22	65536	29
87	16384	88
11	262144	22	37
86	262144	88
37	262144	42
85	262144	86
42	16384	46
78	16384	86
40	65536	42
73	262144	78
33	65536	40	85
4	65536	20	73
8	65536	25	33
75	16384	78
2	65536	21	33
92	65536	
21	262144	32
90	16384	92
7	65536	21	39
39	262144	40	49
81	262144	90
49	65536	50	81
10	16384	29	77	81
77	65536	80
50	65536	52
35	262144	36	77
48	16384	50
36	65536	38
47	16384	48	83
34	65536	36
13	65536	28	47	56
32	65536	34
28	65536	34	43
30	65536	32
14	65536	28	65
65	262144	66
80	65536	82
76	16384	80
66	65536	68
74	262144	76
68	262144	70
67	65536	68
64	65536	74
72	65536	74
56	65536	60	67
70	262144	72
60	65536	63	85
52	65536	60
69	262144	70
63	262144	64
57	262144	72
44	262144	55	63	69
51	65536	54	57
41	65536	44
54	16384	58
43	262144	44
3	65536	26	41
26	65536	30
16	65536	23	73
23	262144	27	35	43	56
5	262144	23
27	262144	30
25	262144	27	49	51
9	262144	25	71
71	16384	76
53	16384	54	71
46	65536	52	53
45	65536	46
1	65536	19	45	51
19	16384	22	37	61
0	65536	19	61
61	262144	62
62	65536	64
58	65536	62	65
55	65536	58
24	262144	31	55	87
17	16384	24
