node	size	children
52	65536	55
51	65536	53
47	262144	53
16	65536	17	54
29	262144	37	42	44	52
45	262144	47
13	65536	16	20
28	65536	29	32
43	262144	45
7	16384	13	36
12	262144	13	28
36	65536	37	48
58	65536	59
32	16384	33	36
59	65536	
10	262144	12	56
6	16384	17	32
53	262144	58
56	65536	58
57	16384	59
33	262144	35
30	65536	31	56
46	262144	57
31	16384	33
40	65536	46
18	262144	21	26	30	44
26	262144	31
2	16384	16	40
9	16384	18	22
37	262144	39
22	16384	41
55	262144	57
48	16384	49
41	16384	45
54	262144	55
21	262144	23	48
39	16384	41
5	65536	14
35	16384	39
1	262144	11
14	262144	15	18
20	65536	21
15	65536	19
23	262144	27
34	262144	35	50
8	65536	14	24
3	65536	15
27	65536	29
0	262144	12	34
24	16384	25
50	16384	51
25	16384	27
49	16384	51
42	16384	47	50
19	16384	25
44	16384	49
38	16384	42	43
11	262144	19	26	34
17	65536	23	38
4	16384	11	52
