node	size	children
80	65536	81
85	65536	
12	65536	24
31	16384	33
19	65536	25	48
8	16384	27	32
27	16384	31	46	72	80
26	65536	27	30	34
0	65536	26
15	16384	26
30	262144	35	52	62
25	16384	30	38	40	44
39	65536	43
23	262144	25
37	16384	39	64	74
17	262144	23
36	16384	37
6	262144	17
64	262144	65
5	16384	17
65	65536	69
22	65536	23	76
69	65536	71
14	16384	22
68	262144	69
9	262144	22	78
78	65536	79
58	16384	59	68
46	65536	47	78
59	65536	61
47	16384	49
57	262144	59
45	16384	47
52	16384	57
34	262144	45
56	16384	57
43	16384	45
61	16384	63
40	16384	43
60	262144	61	74
38	262144	40
44	262144	49	60
18	65536	19	38
49	262144	55
7	262144	18
3	262144	18	66
55	16384	71
66	16384	67	70
53	262144	55
2	16384	29	41	66
29	65536	31	36	42
50	65536	53
28	262144	29	56	60
41	262144	50
1	65536	28
71	16384	73
20	16384	28
73	262144	75
10	65536	20
67	262144	73
13	65536	20	54
63	262144	67
54	262144	65	68	82
62	262144	63
35	16384	37	54
75	262144	83
33	65536	35	56	72
70	16384	75
24	16384	33
83	262144	85
21	262144	24	42
82	65536	83
16	262144	21
72	16384	79	82
4	65536	21
79	65536	84
42	262144	51
84	65536	85
51	262144	53	58
81	16384	84
48	262144	51
32	65536	39	48
77	262144	81
76	16384	77
11	65536	19	32
74	16384	77
