node	size	children
22	262144	28
29	16384	30	39
17	65536	18
31	16384	36	37
30	262144	36
8	262144	11	17	19
11	65536	14	21	25	43
10	16384	13	29	31
36	16384	44
7	16384	11	27
3	65536	10	45
44	65536	46
27	16384	30	39
45	262144	48
46	16384	49
18	262144	20	23	27
48	65536	50
15	16384	18
43	16384	46
47	262144	48
5	16384	10
12	262144	15
50	16384	
1	65536	12
49	65536	50
9	16384	12	41
42	65536	49
41	65536	44
38	65536	42
25	65536	26	41
37	16384	38
26	65536	32
13	262144	15	37
32	65536	34
2	16384	13
28	262144	32
35	65536	38
23	262144	28	47
0	65536	24
40	262144	42
24	262144	26	33	47
20	65536	22	23	35
34	65536	40
16	262144	24
19	262144	20
33	16384	34
14	65536	16
4	262144	16	19	21	31
39	65536	40
21	16384	22
6	262144	14	17
