node	size	children
19	16384	21	22	24
40	262144	43
16	16384	19	40
46	65536	47
47	16384	
14	262144	15	16
1	65536	9	32
9	65536	21	34
45	65536	47
11	16384	14	26	30
3	16384	9	34
34	262144	35
44	262144	45
6	262144	11	20
20	262144	22	23
35	262144	37
17	16384	19
22	16384	27
32	16384	35
15	65536	17
23	16384	25	28	36
0	262144	10	28	32
2	16384	15
10	65536	12	38	40
28	262144	29
30	65536	31
5	65536	10	38
36	262144	39
7	16384	11
38	65536	41
26	65536	33
39	262144	46
41	65536	45
31	65536	39
37	16384	41
18	262144	31	42
33	16384	37
8	16384	13	18
29	16384	33
13	16384	17	44
27	262144	29
12	16384	13	42
25	262144	27
4	16384	12
42	16384	43
24	262144	25	26
43	16384	46
21	65536	24	44
