node	size	children
54	65536	58
53	65536	54
50	262144	53
48	16384	50
47	262144	48
45	262144	48	61
40	16384	45	75
35	262144	40	49
21	262144	30	35	57
2	262144	21	37	49	51
37	65536	42	59	67
31	65536	32	37	59
12	262144	29	81
16	262144	31
29	262144	31	43
59	16384	64
25	16384	29	39	87
64	65536	66
1	16384	25
63	16384	64
15	16384	25
33	65536	36	63
39	16384	44	63
22	262144	24	33	87
44	65536	52	55
11	65536	22	45
43	16384	44	46
0	65536	22
87	262144	89
24	262144	26	35	43	61
89	65536	90
8	262144	24	71
71	16384	72
86	16384	89
20	16384	34	47	71
83	262144	86
6	262144	20
19	262144	20	75
30	262144	36	83
14	65536	30	77
7	16384	19	41
41	16384	42
77	16384	78
38	16384	40	41	79
66	262144	77	85
34	16384	38
55	65536	66
32	16384	34	51	69
49	16384	55
28	16384	32
85	16384	86
26	262144	28	67
78	262144	88
18	16384	26
75	16384	78
5	65536	18	56
88	65536	90
56	16384	60
60	262144	62
84	262144	88
58	16384	60
82	65536	84
46	65536	58
80	65536	82
79	262144	80
68	65536	80
67	16384	68
62	16384	68
57	16384	62
17	262144	23	57
23	262144	27
9	262144	23	65
65	262144	72	73
72	65536	76
76	65536	82
74	262144	76
73	65536	74
3	16384	19	33	73	81
81	262144	84
70	65536	74
69	262144	70
61	65536	70
27	262144	28
4	65536	27
90	262144	
36	262144	38
42	16384	50
51	262144	52
52	16384	54
10	65536	21
13	262144	18
