node	size	children
21	65536	43
76	16384	77
71	262144	73
7	65536	21
13	16384	20	38
16	16384	21
74	16384	76
70	16384	71
20	65536	24	30
53	65536	55	74
12	16384	16
17	65536	20	32
28	262144	29	56	70
52	262144	53
73	65536	76
56	65536	61
10	65536	17	26	44
11	262144	16	30	74
50	262144	53
30	16384	37	48
26	65536	33
61	16384	63
14	262144	19	50
37	65536	41	62
60	262144	61
33	16384	36	56
35	262144	37	42
77	65536	
2	262144	17	58	60
31	262144	33
58	65536	59
32	65536	35
75	65536	77
29	262144	31
59	65536	63
67	16384	75
34	65536	35
27	262144	29
63	65536	65
5	16384	23	28	34
64	16384	67
25	16384	27	66
23	65536	27	54
65	262144	67
72	16384	75
24	65536	25	28	38
9	65536	23
55	262144	65
48	262144	49
54	16384	57	64
19	16384	24
51	262144	55	62
57	262144	59
42	16384	43
18	65536	19	52
44	16384	51
49	16384	57
8	16384	22	34	58
4	16384	18	36
1	65536	25
3	65536	18
62	262144	69
22	65536	31
6	65536	15
47	262144	49
36	65536	39	40
15	262144	22	50
69	65536	73
39	262144	45
41	65536	47
38	262144	39	46	48
0	16384	15	46
66	16384	69
45	262144	47
46	16384	51	64	66
40	65536	41	68
43	65536	45	54	72
68	16384	71
