node	size	children
79	65536	83
26	262144	28	34	42
74	262144	79
3	16384	26
16	262144	26
84	65536	85
82	262144	87
42	262144	45
96	262144	97
45	65536	57
43	65536	45
91	262144	96
40	65536	43	94
90	16384	91
37	16384	39	40	52	62
39	65536	49	90
86	262144	91
36	262144	37	60
97	262144	
7	262144	23	36	52	56
23	262144	37
95	262144	97
12	16384	23	58
93	65536	95
58	262144	61
92	16384	93
61	65536	63
88	16384	93
59	262144	61
94	65536	95
63	16384	69
52	16384	55
60	262144	63
46	65536	47	60
8	16384	19	68
69	262144	73
15	65536	22
73	16384	79	84
72	16384	73	74
11	65536	24
56	262144	57	72
57	16384	65
65	16384	71
62	262144	65
71	16384	75
75	262144	77
70	16384	75
77	16384	81
76	16384	77
81	16384	89
78	65536	81
89	262144	96
87	16384	89
0	262144	20	56
20	65536	30
85	65536	87
17	65536	20
83	262144	85
30	16384	32
28	65536	30
24	65536	28
4	262144	24	48	50	94
48	16384	51
38	65536	44	48
5	65536	25	38	50
25	262144	29	78
21	65536	25	34
9	65536	21
18	16384	21	80
80	65536	83	84	92
68	262144	71	80
55	16384	59	66	68	86
54	16384	55
13	65536	27	54	82	88
27	16384	32	36
6	65536	27
32	262144	33
33	16384	39
22	262144	33	76
19	262144	22	42
14	262144	19	66	70	82
66	262144	67
67	16384	69
64	65536	67
50	262144	53	64
53	65536	59	72
51	16384	53
49	65536	51
47	262144	49
44	262144	47
1	16384	29	44
29	16384	31
31	262144	41
2	16384	31
41	262144	43
35	65536	41	92
10	262144	35
34	65536	35	46	58
