node	size	children
20	262144	31
1	262144	8	14	24
14	16384	17	19
30	65536	31
12	16384	14
24	16384	27	30	34
3	65536	7	12	22
27	262144	32
7	65536	9	20
2	16384	7
23	65536	27
9	65536	11
5	262144	9	10
22	16384	23
10	65536	11	12	15	28
21	262144	23
11	262144	13
19	262144	21
13	65536	21
32	16384	35
6	65536	13	15	16
15	262144	17
35	65536	37
17	65536	25	28
34	16384	35
25	16384	29
37	262144	
18	65536	25
36	65536	37
16	65536	18
26	16384	36
4	65536	18
29	262144	33
28	16384	29
33	65536	36
0	65536	8	24
31	16384	33
8	16384	10	26
