node	size	children
6	262144	8	16	24
16	65536	17
13	65536	22
17	262144	21
12	65536	13
21	262144	29
25	262144	29
19	65536	21
20	65536	25
18	262144	19
29	16384	31
2	262144	8	18
31	65536	36
5	262144	9	14	18	22	24	30
9	65536	12	23
24	262144	31
1	65536	9	11	14	26
11	262144	13
36	262144	37
0	262144	7	11	30
30	262144	36
7	65536	10	28
3	16384	7
37	262144	
28	262144	32
27	262144	33
14	262144	19	28	34
23	16384	27
34	16384	35
35	65536	37
33	16384	35
4	16384	15
32	262144	33
15	65536	17
26	16384	27	32
10	262144	15	20	23
22	262144	25	26
8	16384	10
