node	size	children
28	65536	32
21	16384	22
18	16384	28
17	65536	22
34	65536	42
9	262144	18	39
5	262144	9	15	23
33	262144	34
15	262144	16
42	262144	44
16	262144	18	33	35
41	16384	42
14	16384	16	27
37	262144	38	41
27	16384	30
38	16384	40
30	262144	36
40	262144	43
29	65536	30
39	16384	40
36	65536	38
1	262144	8	14
43	65536	44
35	262144	36
8	262144	10	21
32	262144	43
2	65536	8	19
6	262144	13	35
19	16384	20	41
13	65536	20	23
31	262144	32
0	262144	11	19
20	65536	24
44	65536	
11	262144	12	21
24	16384	26
4	262144	11
7	16384	9
12	16384	17	33
23	65536	24
10	16384	12
26	65536	34
3	16384	10	25	29	31
22	262144	26
25	262144	28	37
