node	size	children
5	65536	10	13	20
10	65536	12	14
29	65536	33
1	65536	10
6	16384	8	29
12	65536	18
27	65536	29
2	262144	12	15	23	30
38	16384	40
15	16384	16
34	65536	38
13	65536	15	23
28	16384	34
8	262144	13	20	30
0	16384	8	25
24	16384	28
25	262144	32
20	65536	24
21	65536	22	25
22	262144	24
11	262144	16	21
17	262144	22	37
9	16384	11	31
4	16384	9
3	65536	11	17
7	65536	9	14	27
37	262144	39
14	16384	19
16	262144	18	37
19	16384	26
18	262144	21
26	16384	28
39	16384	40
23	262144	26	35
31	16384	39
35	262144	36
40	16384	
36	16384	38
32	16384	34
33	16384	36
30	65536	32
