node	size	children
36	65536	38
50	65536	52
38	65536	41
0	262144	10
49	16384	50
19	262144	20
34	65536	38
29	16384	30	31	45	49
31	262144	34	47
5	16384	16
6	65536	15	29
30	16384	34
25	16384	26	31
27	65536	30
21	16384	24	25
45	16384	46
24	262144	32
4	65536	11	36
46	65536	51
32	65536	35	39
40	65536	46
28	262144	32	47
9	65536	14	17
14	16384	22
33	65536	40
26	65536	28
13	65536	14	17	21
22	16384	28
17	16384	18	25	33
35	16384	40
20	65536	22
2	65536	13	43
43	65536	44
51	65536	52
18	16384	20	37
48	16384	51
12	16384	18	19
16	16384	26	43
37	16384	42
15	262144	16	36
7	16384	12
47	16384	48
10	262144	12
42	65536	48
8	262144	15	23
23	65536	24
3	16384	10	39
41	16384	42
39	65536	44
1	65536	11	23	27	29
11	16384	13	35
44	65536	50
52	16384	
