node	size	children
44	16384	47
26	16384	27
34	16384	35	46
12	262144	13
20	16384	25	26
35	65536	43
8	65536	12
5	16384	14	20	28
1	262144	12
14	65536	16	20
31	16384	35	50
3	16384	11
29	262144	31
11	16384	14	32
28	65536	31	52
25	65536	29
6	262144	11	22	26
22	262144	24
52	262144	55
21	262144	25	40
15	262144	22
55	65536	57
19	262144	21	48
54	16384	55
0	262144	15
48	262144	51
2	262144	15	18	28	34
41	65536	49	54
18	262144	19	23
51	65536	56
40	16384	41
13	65536	18	36
50	16384	51
38	16384	41
9	262144	13	42	48
56	16384	57
42	65536	43
7	16384	21	38
53	262144	56
24	262144	37	42
49	65536	53
47	65536	53
37	262144	39
46	65536	49
45	16384	47
36	16384	37	38
57	262144	
39	65536	45	46
23	65536	27
4	16384	17	36
17	262144	19
33	16384	39
32	65536	33
16	65536	17	40	44
30	65536	33
43	16384	45
10	262144	16	34
27	262144	29	30
