node	size	children
36	16384	40
25	262144	28
35	65536	36
30	65536	37
6	65536	8	15	35
26	16384	30
15	65536	16
23	16384	26
31	16384	36
20	262144	23
2	262144	18
5	262144	14
17	65536	20
3	16384	10	17
7	16384	11	27	29
18	262144	20
11	65536	12	25
13	16384	18	33
9	262144	11
1	65536	9	21	24	31
4	16384	9	13
21	262144	22
33	65536	34
22	262144	26
34	65536	37
16	16384	22
32	65536	34
14	65536	16	23
27	16384	32
12	65536	14	27
29	262144	32
10	65536	12
37	262144	38
8	16384	10	29
38	65536	40
0	262144	8	19
19	65536	28
24	262144	38
28	16384	30
40	16384	
