node	size	children
32	16384	38
18	262144	20	25
28	262144	32
11	262144	18	23
38	262144	40
0	65536	11	35
37	262144	38
35	65536	36
40	262144	
36	262144	39
6	262144	11
30	16384	36
1	16384	9	16
9	65536	14
29	16384	30
4	16384	9	17	33
17	16384	21
39	16384	40
10	262144	12	16	17
34	16384	39
7	65536	10	27	37
33	65536	34
27	16384	28
25	262144	28	33
5	16384	12	27
12	262144	15	29
22	65536	24	25
15	16384	18
14	16384	22
13	262144	14	15	19	21	23
21	65536	22
3	16384	8	13
24	262144	26
8	16384	10	31
2	16384	8
19	65536	24
31	16384	34
26	65536	32	37
16	16384	20	31
23	16384	26
20	262144	30	35
