node	size	children
57	262144	62
52	262144	54
49	16384	52
64	65536	66
27	16384	30	49
10	16384	19
25	16384	27
8	65536	26
12	65536	25	37	57
1	16384	23
37	65536	38	47
38	65536	44
34	262144	38
30	262144	34	55	73	87
17	16384	30
55	65536	56	65
20	65536	32	55
0	16384	20	71
71	262144	76	77	79
44	65536	46	71
43	16384	44	59
13	65536	20	33	43
33	65536	34	43	73
23	16384	25	33	45
4	16384	23	61
61	262144	64
31	65536	32	61
26	16384	31	81
16	16384	18	57
19	16384	26	67
18	262144	24	37	45
6	65536	19	83
83	262144	88
15	65536	18
77	16384	78	83
24	65536	27	51	53	77	87
78	262144	84
21	262144	24	41	89
76	262144	78
9	262144	21
14	262144	21
75	65536	76
41	16384	42
69	262144	72	75	89	91
42	262144	48
65	262144	68	69	81
40	262144	42	49
68	16384	70	91
39	262144	40
66	262144	68
63	262144	66	67
28	65536	31	39
5	16384	28	53
59	262144	63
53	262144	54
7	65536	28	59
67	16384	70
54	262144	56
70	65536	72
72	65536	74
74	262144	80
73	65536	74
80	16384	82
62	65536	80
60	65536	62	79
50	16384	60	85
46	65536	50
45	65536	46
48	262144	50
47	65536	48
22	16384	29	47
3	262144	22
2	262144	22
29	262144	36
11	65536	29
36	16384	40
85	262144	86
51	65536	52	85
86	16384	90
82	262144	86
79	16384	82
90	262144	93
88	16384	90
87	65536	88
93	65536	94
84	65536	93
81	65536	84
94	65536	
92	16384	94
89	65536	92
91	65536	92
58	65536	60
56	262144	58
35	16384	58
32	65536	35
