node	size	children
10	16384	15	22	42
55	65536	57
11	65536	16	50
22	65536	25
51	262144	55	62
16	16384	19	32
25	65536	33	64
42	262144	51
13	262144	16
24	16384	25
32	16384	35	42
4	65536	13
1	16384	17	24	26
9	262144	13	46
17	262144	21	26
62	262144	65
46	262144	49
65	65536	67
7	65536	17	30
49	65536	55
30	262144	43
12	65536	20
64	16384	65
45	16384	49
43	16384	45
20	65536	23	48
67	262144	
35	262144	45
39	16384	43
2	16384	20	28	34
66	262144	67
33	16384	35	52
37	262144	39	40
28	16384	29
63	65536	66
31	16384	33
29	262144	39	60
58	16384	63
36	65536	37	44
21	16384	31
27	262144	29	36	64
59	65536	66
44	65536	47	58
19	65536	21
14	65536	27	38
56	262144	59
26	16384	27	44
23	262144	31	52
6	65536	14
0	16384	14	60
47	65536	53
40	16384	41
60	262144	61
18	16384	23
41	16384	47	56
34	65536	37
61	16384	63
3	262144	18
5	65536	15	38	46	54	62
8	16384	18
38	65536	41	48
54	65536	61
52	65536	53
48	65536	50
53	262144	57
15	65536	19
50	262144	51
57	65536	59
