node	size	children
48	65536	49
49	16384	
12	65536	15
37	16384	48
8	65536	10	18
3	65536	12	26	34
36	16384	37
26	16384	29	42
25	16384	31	36
29	65536	31
23	16384	25
27	16384	29
31	65536	39
24	262144	27
39	16384	41
13	16384	21	23	24
30	262144	39
9	16384	13
5	16384	9
41	262144	43
2	262144	9
21	262144	27
40	16384	41
19	262144	21
43	65536	45
18	262144	19
38	16384	43
16	262144	17	18	24	34
34	262144	38
10	16384	12	16	32	33
0	65536	22
32	262144	35	38
22	65536	25
1	16384	10	28	30
35	262144	37
7	65536	11	22	23
28	262144	32	33	40
33	262144	35
11	262144	13
20	262144	28
6	16384	11	14	42
45	262144	49
14	65536	15	30
17	16384	20
42	65536	45
15	65536	19
4	262144	17	48
