node	size	children
41	65536	43	66
39	65536	41
75	16384	81
36	65536	39
74	262144	75
79	262144	83	88
15	16384	19	36
77	262144	79
19	262144	23	76
0	65536	19	44
68	16384	77	88
44	65536	45
88	16384	93
34	16384	43	44	94
93	65536	97
5	262144	26
30	16384	31	34
91	262144	93
26	262144	28
2	262144	30	40	60	90
90	16384	91
24	262144	26	78
60	65536	61
52	16384	53	60
84	16384	91
20	16384	24
61	65536	65
6	262144	20
72	16384	73	84
4	262144	20
73	262144	77
57	16384	61
9	16384	24
78	65536	79
97	262144	99
56	65536	57
54	65536	55	78
96	16384	97
28	65536	32	56	86
40	16384	45	54	74
11	262144	28
99	65536	
98	65536	99
29	16384	31	40	66
32	16384	37
18	262144	29	50
95	262144	98
23	262144	32
8	16384	23
94	65536	95
50	16384	63	80
37	262144	39
63	262144	67
92	16384	98
35	65536	37
80	262144	85
59	16384	63
7	16384	35
53	262144	59	70
82	16384	87
31	16384	35	46	72
46	16384	47	48
48	262144	51
49	65536	53
33	16384	49	68
47	262144	49	70
51	16384	55
43	65536	51
45	262144	47
27	16384	33	34
70	65536	71
55	65536	57
3	16384	27	42
42	65536	46
71	16384	73
38	65536	41	42	64
16	16384	27
67	16384	71
1	16384	25	38	52
12	16384	33
65	16384	67	86
25	65536	30
22	262144	29
64	65536	65
21	65536	25	52	56	64	82
13	262144	22
17	16384	21
86	65536	89	94
10	262144	22
89	16384	95	96
14	262144	21	58	62
87	262144	89
58	262144	59
62	16384	69
85	262144	87
69	16384	75	92
83	16384	85
66	16384	69
81	65536	83
76	16384	81
