node	size	children
1	65536	16
29	262144	31
5	16384	16	32	44
38	262144	41
32	262144	33	48
24	65536	29
51	16384	53
33	65536	37
27	65536	29
43	262144	51
31	262144	33	43	46
23	262144	27
53	65536	55
26	262144	27
30	262144	31	36
52	65536	53
28	65536	30	54
50	65536	52
19	16384	22	28
48	16384	49	50
15	262144	19
6	65536	14
9	16384	15	22	38
49	65536	52
14	262144	17	40
22	65536	25
36	65536	49
10	16384	14
25	262144	35	46
55	262144	
17	16384	19
21	65536	25
54	16384	55
11	16384	17	18
13	65536	21	34
16	262144	20	24	34
47	65536	54
8	262144	11
4	262144	13
45	16384	47
34	262144	39
3	65536	11
18	65536	21	26
42	65536	45
2	262144	12	18	24	43
39	262144	41
40	16384	42
12	65536	13	23
37	262144	39
0	65536	15	42
7	16384	12	20	23
20	262144	35
44	16384	45
35	65536	37
46	16384	47
41	16384	51
