node	size	children
73	16384	81
86	16384	87
83	262144	86
82	65536	83
79	16384	83
77	16384	79
75	16384	77
63	16384	75
58	16384	63	70
70	65536	79
59	262144	63
74	65536	75
71	16384	74
68	16384	71
45	16384	53	60	68
60	262144	61
61	262144	65	78
78	262144	85
85	16384	87
84	65536	85
87	65536	
69	65536	71
62	16384	69
76	16384	77
44	262144	47
47	16384	49
10	262144	19
81	262144	86
9	65536	22
42	262144	43	68
30	262144	33	42
33	65536	47	70
31	16384	33	34	59
13	262144	31
29	262144	31
2	65536	29	54
54	262144	58
7	65536	20	36	44	48	54
20	262144	26	50
15	16384	20	64
64	262144	73
17	16384	28	38	56	62	64
8	16384	17
11	16384	17	40
40	16384	41	76
37	262144	40
41	16384	44
4	262144	23	66
36	65536	41
23	262144	25	32
0	65536	23
34	65536	36	72	82
25	16384	28
22	262144	25	38
72	16384	73
19	262144	22
53	16384	55	62	72
52	65536	53
18	16384	19
5	262144	18	52	56
12	262144	18	46	76
56	262144	57
46	65536	51
57	65536	61
16	65536	21	37	46
55	65536	57
21	65536	24
51	262144	55	60
14	16384	21
50	16384	51
24	16384	27
48	262144	50
3	262144	24
27	262144	30
32	16384	35	45	48
6	16384	29	32
26	65536	27	30	80
35	16384	39	80
1	262144	26	66
28	16384	35
66	65536	67
39	65536	43
67	262144	69	74
65	262144	67
38	262144	39
49	65536	65
80	16384	81
43	262144	49	82	84
