node	size	children
23	65536	29	40
36	65536	37
15	65536	17
56	262144	57
21	16384	23	62
40	16384	41
5	65536	15	32
32	16384	35	54
20	262144	25	56
17	65536	21
44	65536	47
49	16384	57
9	16384	17	39	50
53	65536	59
35	262144	38	44
50	16384	51
33	16384	49
51	16384	53
34	16384	35
29	65536	31	50
31	16384	33
52	262144	53
30	65536	33	34
28	262144	29	44
27	16384	31
25	262144	30
7	262144	21
13	262144	20	28	38	52
26	16384	27
4	262144	16
22	16384	25
12	65536	13	60
6	262144	13	26
57	16384	61
24	16384	27	42
0	262144	18	22
60	16384	64
18	262144	20
42	262144	43
45	16384	49	60
16	262144	18	62
59	65536	61
38	262144	45	58
8	16384	16	30	48
55	65536	59
48	16384	51
58	65536	64
54	262144	55
43	16384	45	48
64	16384	65
39	16384	43
47	16384	55
65	262144	
2	65536	14	24	39
46	262144	47
63	65536	65
14	262144	19
41	16384	46
62	65536	63
10	16384	14
37	65536	41
61	262144	63
19	16384	23
11	16384	37
1	262144	15	36
3	262144	19	34
