node	size	children
17	65536	26
26	16384	29	58
20	65536	26	46
10	16384	20
3	262144	20	60
60	65536	61
41	65536	43	60
39	65536	41
38	16384	39	42	74
16	262144	27	38
27	262144	36	80
11	65536	27	44
44	16384	47
47	16384	49
43	65536	47	50
36	16384	43
24	262144	25	36	94
13	16384	24
22	262144	24	46
6	262144	22	34	42	68
29	65536	32
34	65536	35
58	65536	59
9	262144	29
2	262144	23	58
0	16384	19	40
25	65536	30	34	56	86
40	65536	41
63	16384	65
21	16384	25
4	16384	21
56	262144	63	88	90
19	16384	21	40
88	262144	95
7	262144	19	92
95	262144	97
92	65536	93
33	65536	37	92
94	65536	95
80	16384	81	94
32	65536	33	70
81	16384	85
28	262144	32
14	65536	28	72
85	262144	87
76	65536	85
72	262144	75
8	16384	37	54	66	72
87	262144	91
37	65536	45	66
83	65536	87
45	262144	53
79	262144	83
74	65536	79
42	16384	45
77	262144	79
53	262144	57
50	262144	53
75	262144	77	86
23	16384	31	50	84
73	65536	75
12	262144	23	48	76
65	65536	73
48	262144	49
64	65536	65
15	262144	22	64
30	16384	35	48	56
86	65536	89
5	262144	30	62
62	65536	71
89	16384	93
71	16384	73	82
84	16384	89
69	262144	71
35	65536	39	84
67	262144	69
93	65536	96
61	262144	67
96	262144	97
57	262144	61
91	65536	96
55	16384	57
90	16384	91
54	16384	55
97	262144	
52	262144	55	70
70	65536	77
18	65536	28	52	78
82	262144	83
78	16384	81
68	16384	69
51	65536	59	68	78
66	65536	67
49	16384	51
31	262144	33
46	262144	51
1	16384	31
59	65536	63	74
