node	size	children
77	262144	78
76	262144	78
73	65536	76
45	16384	46	73
46	262144	52
75	16384	76
86	262144	88
84	16384	86
64	65536	84
56	65536	64
53	262144	56	61
13	262144	31	37	53
37	262144	38
61	65536	62
62	262144	70
70	262144	72
69	262144	70
4	16384	18	35
50	65536	56
18	65536	25	41
48	65536	50
11	16384	18
60	262144	64	83
25	65536	34
59	65536	60
22	262144	25	59	71	75
83	65536	84
0	262144	22
88	65536	90
16	262144	22	65
65	65536	66
82	262144	88
81	16384	82
14	65536	27	65	85
27	262144	30	45
90	65536	
1	262144	27
89	16384	90
30	65536	32	51	71
85	262144	89
28	65536	30	37	57	59	79
87	65536	89
20	16384	28	67	69
3	262144	20
12	262144	19
10	262144	20	41
9	262144	21
35	16384	36
41	65536	42
42	16384	48
40	65536	42	63
38	65536	40	53
34	16384	38	75
32	16384	34	61
31	65536	32
15	16384	31	43
43	262144	44
44	65536	46	47	77	83
36	16384	44
33	16384	36
6	16384	23	33	35	55
23	262144	29
5	16384	23	39
39	262144	48
2	16384	24	39
24	16384	26
7	65536	24	49	81
49	16384	54
54	65536	62
52	65536	54
51	65536	52	67	87
47	16384	50	51
26	262144	28	47
21	65536	26	77
19	16384	21
17	262144	19	55
55	16384	58
58	262144	60
57	262144	58
8	262144	29	33	57	63
29	16384	40
63	65536	66
66	16384	68
68	65536	74	85
67	65536	68
74	65536	82
72	65536	74
71	16384	72	79
79	16384	80
80	65536	86
78	262144	80
