node	size	children
37	65536	41	42
15	262144	25
36	65536	37
13	65536	15	22
35	262144	37
4	16384	13
32	16384	35
22	262144	23
34	16384	35
23	16384	25	36
42	262144	44
18	65536	23	24
44	65536	45
6	262144	18	38
3	262144	10	30	32
38	262144	43
45	16384	
10	16384	11	28
43	65536	45
21	262144	27
5	16384	10	14
40	262144	43
14	262144	16
19	262144	21
24	262144	33	40
16	262144	19
12	65536	14
11	65536	15	24
7	262144	9
1	65536	12	20
2	262144	12
20	262144	21
0	65536	11
33	16384	39
17	262144	19	20	28
30	262144	33
9	16384	13	17	26	32	36
8	65536	9	26
39	262144	41
26	16384	29	42
31	16384	39
29	16384	31
28	262144	31
27	65536	29	34
41	65536	44
25	262144	27
