node	size	children
17	16384	30	40
30	16384	35
3	65536	30	34
34	65536	37
29	65536	34
26	16384	29
21	65536	26
16	16384	21	78
78	65536	81
51	65536	55	56	78
45	16384	51
93	262144	95
43	65536	45
71	262144	73
41	65536	43
86	65536	93
69	262144	71
90	16384	93
38	65536	41	42
67	65536	69
8	16384	21	90
0	65536	22	38
22	262144	29	74
66	16384	67
65	65536	67
64	16384	65
11	65536	22	46	48
28	262144	31
14	65536	28
46	65536	47	58
39	262144	43	64	84
12	16384	27
1	262144	19	46	72	86
36	262144	39
19	65536	24	66	92
6	16384	26	36
7	16384	19
40	262144	41
35	16384	39
24	65536	33	50
84	262144	89	92
2	262144	24
33	262144	35
80	262144	81	84
81	262144	87
32	16384	33	76
18	65536	32
87	16384	89
5	262144	32	44	70
85	262144	87
44	65536	47
82	65536	85
47	262144	49
73	262144	75	82
49	16384	53	80
70	262144	73
42	16384	49	88
37	65536	45	70
88	262144	91
75	16384	77
31	65536	37	88
68	65536	75
27	65536	31	68
48	262144	51	68
23	262144	27
77	16384	79
13	262144	23
76	16384	77
20	262144	23	60
79	65536	83
15	16384	20
72	16384	79
10	65536	20	52
83	16384	85
52	262144	57	80
74	262144	83
9	16384	25	52	72
56	262144	57	74
25	262144	28
57	65536	59
4	65536	25	50	54
50	16384	53	58
59	65536	65
53	262144	63
58	65536	59
63	65536	69
89	262144	91
61	262144	63
91	16384	94
55	262144	61	64	66
94	262144	95
54	16384	55	60	62
92	65536	94
60	16384	61
95	16384	
62	65536	71
