node	size	children
8	262144	19	22	24	28
37	16384	41
61	16384	63
22	262144	27
34	262144	37	56
0	16384	13	22
13	16384	16	32	38	40
57	16384	61
56	262144	57
55	16384	57
10	262144	13
32	65536	33	56
12	262144	15
16	16384	17	32
54	16384	55	64
33	262144	45
15	262144	20	52
6	65536	16	42
64	16384	65
28	262144	33
42	262144	43	60
14	65536	15	40	42
65	16384	67
45	65536	53
60	262144	65
11	262144	14	30	36	52
67	16384	
44	65536	45
31	16384	35	60
30	16384	31
49	262144	55
40	16384	44
24	65536	31	48
5	65536	18	30	50
48	16384	49
53	16384	66
18	16384	25	44	54
17	16384	21	24	26	34
47	16384	49
51	16384	53
2	16384	18	46	50
4	65536	17
46	262144	47
36	65536	37
21	65536	25	58
50	16384	51
43	262144	46
38	262144	39
9	65536	21
66	16384	67
25	262144	29	38
39	262144	43
63	65536	66
29	65536	35
23	16384	39
62	65536	63
27	65536	29
20	262144	23
3	262144	14
52	65536	59	62
26	262144	27
1	65536	20
59	262144	61
19	16384	23	64
35	16384	41
58	16384	59
7	262144	19
41	65536	51
