node	size	children
47	65536	53
13	65536	15
71	16384	73
44	16384	47
36	16384	37
45	262144	51	60
40	16384	45
68	262144	71
22	16384	24	26	36	64
53	262144	55
27	65536	29	38	40
10	16384	22
64	65536	65
60	16384	61
26	16384	27
12	16384	22
74	65536	75
62	65536	63
43	262144	49	62
32	262144	33	74
24	262144	29	44	52
25	65536	27	42
42	262144	43
23	65536	25	34	42
20	65536	24	26	58
17	16384	25	32
41	262144	43
7	16384	23
14	262144	17	32
19	16384	23
9	16384	20	30	40	70
30	65536	39
38	65536	41
11	16384	17
46	65536	47	50	64
8	16384	19	66
39	65536	41	68
66	16384	69
33	65536	35
49	262144	51
35	65536	39
3	16384	21
29	16384	33
69	16384	71
21	262144	31	66
48	65536	49
31	16384	35
2	262144	19	48
75	262144	77
67	16384	69
18	65536	21
16	65536	31	38
59	262144	67
77	16384	
6	262144	18	56
5	262144	16
65	16384	67
76	262144	77
1	262144	16	72
56	262144	59
72	16384	75
51	262144	53	54
37	16384	45	56
63	65536	65
61	262144	76
52	65536	57	72
34	65536	37	52
58	262144	61	70
55	262144	63
57	16384	59
28	16384	34
70	65536	73
50	65536	55	74
54	262144	57
0	262144	15	28	48
15	262144	18	36
73	16384	76
4	16384	20	46
