node	size	children
1	65536	16	26
48	16384	53
30	65536	33
16	65536	19	50
55	262144	57	58
58	262144	59
54	65536	55
12	65536	16	56
51	16384	55
60	16384	61
67	65536	
56	16384	61
49	16384	51	52
61	262144	65
42	16384	45
6	65536	21	22	56
45	65536	49
65	16384	67
21	262144	25	32
8	262144	18	42
31	16384	45
20	262144	21
63	65536	65
18	262144	20
29	16384	31	34
0	262144	20	40	54
52	65536	63
50	262144	51
40	16384	41	42
22	16384	29
62	65536	63
41	65536	43
28	16384	29	46
25	262144	30	54	62
53	65536	57
39	65536	41
17	65536	28
24	65536	25	36	38
37	262144	39
9	65536	17
46	65536	47
38	65536	39
36	16384	37
47	65536	49
19	262144	23	38
10	65536	13	36
43	16384	47
13	16384	18
7	65536	19
23	65536	27
35	16384	43	44	60
11	16384	13	64
15	65536	23
32	65536	35
64	16384	66
2	16384	15
4	16384	14	24	62
34	262144	35
3	65536	15
66	65536	67
14	262144	17
27	16384	33
44	16384	53	58
59	262144	66
5	65536	14	26	48
33	65536	37
26	16384	27	48
57	262144	59
