node	size	children
71	65536	72
41	262144	42
48	262144	50
10	65536	14
42	262144	44	55	65
69	16384	71
47	16384	48
72	16384	
30	262144	42
3	65536	14
50	262144	55	63
12	16384	16	27
29	16384	30	47
70	262144	72
39	16384	50
67	16384	70
7	262144	18	25	29	51
9	65536	17	41	61
19	16384	20	45	47
18	262144	26
55	16384	62
20	65536	22	37
63	65536	66	67
1	262144	18
62	16384	66
15	262144	20
26	16384	32
66	65536	70
60	16384	62
0	262144	15	31
23	262144	26
56	262144	58
31	65536	32	57
59	16384	60
52	65536	56
21	65536	23	53
32	65536	34	39
58	16384	60	61
45	16384	52
5	16384	21	28	37
34	65536	36
28	65536	38	67
57	16384	58
49	262144	52
36	262144	40
53	65536	54	57
38	262144	56
2	65536	15
35	262144	36
27	65536	38
54	65536	64
13	262144	21
25	262144	30	35
51	262144	54
24	262144	27	59
8	262144	23
6	16384	24	35
64	65536	68
22	65536	24	39
40	16384	44	51
46	65536	48
11	16384	22	33	49
61	262144	64
37	262144	40	43
33	262144	34	63
68	262144	71
43	262144	46
4	262144	17	29
16	65536	19	25	33	69
65	65536	68
17	16384	19	43
14	16384	16
44	262144	46
