node	size	children
12	65536	32
32	16384	33	78
29	65536	32
28	262144	29	42	62
22	16384	28
3	65536	22	50
50	65536	51	62
19	65536	24	50	60	66	70	90
11	65536	19
16	16384	19	34
34	16384	35	74
30	16384	31	34	54
26	16384	30	38
17	16384	26
21	262144	26
6	262144	21	52	68
52	262144	53
13	16384	20	52	76
20	65536	25
14	65536	20	64
64	65536	65
43	65536	45	64	84
25	262144	43
5	262144	25	38
38	65536	39	40
39	65536	51
57	262144	59
36	65536	39
55	16384	57
27	65536	30	36	82
54	16384	55
24	16384	27	70	74	94
49	16384	53	54
46	16384	49
0	16384	24
70	262144	73
15	262144	22	46	86
73	262144	75
86	65536	89
62	262144	73
89	65536	93
75	262144	77
88	65536	89
72	16384	75
93	16384	95
48	262144	49	72
91	16384	93
8	262144	23	48
84	262144	91
23	262144	29	80	92
1	262144	23
53	65536	55	84
80	16384	81
90	262144	91
81	262144	83
95	65536	97
79	262144	81
87	65536	95
76	65536	79
77	65536	87
71	262144	79
74	65536	77
69	16384	71
85	16384	87
65	16384	69
82	16384	85
61	262144	65
83	16384	85
51	16384	61
78	16384	83
60	65536	61	66
97	16384	
66	16384	67
96	16384	97
67	65536	71
94	262144	96
63	16384	67
92	65536	96
56	262144	63
33	65536	46	72
40	262144	41	56
10	16384	33	48
41	16384	43	92
59	16384	63
37	16384	41	82
58	65536	59
35	65536	37
4	16384	37
31	262144	35	42
68	65536	69
9	65536	31	44	58	88
44	16384	47
2	16384	27
47	65536	57
7	16384	28	36
18	65536	21
45	65536	47
42	262144	45
