node	size	children
62	262144	63
35	262144	39
42	16384	51	56
11	16384	26	35	36	40
22	65536	25	30	62
34	65536	37	42
30	65536	33
26	16384	33	50
31	65536	34	40
1	262144	21	52
13	16384	15	22	26	30
48	65536	61
33	16384	38
27	16384	31
21	65536	27
38	65536	41
20	16384	21	28
0	65536	13
24	262144	27
5	262144	13	54
65	65536	
2	16384	16	24
18	65536	20
54	65536	57
16	262144	19
64	65536	65
12	262144	18	28	44
50	262144	53	54
9	65536	16	32
60	262144	64
32	65536	39
53	262144	55
28	262144	29	42
63	16384	65
40	16384	43
52	262144	53
29	16384	31	35	48
44	16384	45
43	16384	49
14	16384	17	52
25	16384	29	60
3	262144	18
37	65536	43
6	65536	14
7	65536	20
23	65536	25	56
4	262144	14
36	262144	37
19	65536	23	46
17	16384	23
10	65536	19	46
49	65536	51
15	16384	17
46	65536	47
8	65536	15	58
56	65536	57
58	16384	59	60
47	262144	49
57	16384	61
59	65536	64
45	16384	47
61	262144	63
55	262144	59
41	65536	45
51	262144	55
39	65536	41
