node	size	children
0	16384	18
14	262144	18
33	16384	34	41	59
34	16384	38
32	262144	34	75
31	65536	32
17	16384	31
30	16384	32
28	16384	30	87
7	262144	28
23	262144	28	40	59
11	16384	23	85
85	262144	86
78	262144	85
75	262144	78
58	262144	62	75
53	65536	58	65	72	77
51	262144	52	53
5	65536	26	35	51
35	262144	39	47	63
8	262144	24	35
24	16384	29	39	47
9	65536	24
39	262144	42
42	16384	44	83
41	65536	42	43
38	65536	41
43	65536	44
44	262144	48
48	16384	56	57
56	262144	60
54	262144	56	79
52	16384	54	67
50	65536	52
45	262144	50
40	65536	45
49	16384	50
47	65536	49
67	262144	68
63	65536	66	67
66	262144	70
65	65536	66	73
59	16384	64	65
64	65536	68
62	262144	64
60	16384	62
68	262144	74
74	65536	82
73	65536	74
10	16384	36	69	73
69	65536	71
71	262144	76	77
76	16384	80
70	262144	76
80	16384	84
79	262144	80
6	16384	21	46	53
21	65536	25	40
84	16384	86
3	16384	21
25	262144	27
83	262144	84
86	16384	88
12	65536	25
88	16384	90
27	262144	30	37
87	65536	88
22	16384	27	71	81
90	65536	
19	16384	22	51
89	262144	90
16	16384	19
2	16384	19	61
77	16384	89
61	262144	70
82	262144	89
36	262144	48	61
81	65536	82
26	65536	36
57	16384	58
1	65536	26	55
72	65536	78
55	16384	60
46	65536	54	55
4	16384	23
37	65536	38	46	81
13	65536	22
29	262144	31	37
20	262144	29	33
15	16384	20
18	16384	20
