node	size	children
15	262144	19	40
37	262144	39
44	262144	47
12	262144	15	20	21	22
36	65536	37
5	262144	12	32
3	65536	12
35	65536	37
32	65536	36
31	65536	35
29	262144	32
28	262144	31
27	16384	29
30	262144	31
26	65536	27	42
25	65536	27	30
42	65536	43
23	65536	35
24	16384	29	42
22	262144	23
18	16384	20	24	33
21	262144	23
4	16384	13	18	22	30
13	262144	15
20	65536	21
6	262144	11	24
7	262144	13	16
11	65536	25	38
43	65536	48
16	65536	18	38
48	65536	49
9	16384	11	28
38	262144	41
1	262144	9	14	34
46	262144	48
14	262144	17
41	65536	45
0	262144	10	14
40	16384	41
10	262144	17	26	34
49	16384	
8	65536	9	33	40
2	65536	10
47	16384	49
33	262144	39	44
17	16384	19
45	262144	47
39	65536	43	46
19	65536	25
34	16384	45
