node	size	children
39	16384	41
26	262144	27
38	65536	39
14	16384	15	25	26
2	16384	11
41	16384	43
15	65536	17	36
43	262144	45
12	16384	15
34	16384	43
6	16384	12
7	262144	12	35
32	262144	34	46
35	65536	37	40
28	262144	32
37	65536	41
25	262144	27	32
23	262144	37	38
46	262144	48
21	65536	23
48	262144	49
13	16384	21	26	44
8	16384	10	14	20
42	262144	48
10	16384	14	16	18
9	65536	13	18
3	65536	9
20	262144	23
49	262144	
4	262144	10	22	28
1	65536	9
22	262144	33
18	16384	19	42	46
47	262144	49
11	262144	13	22
19	65536	21
45	16384	47
0	262144	11	16	25	42
17	262144	19	38
16	65536	24
44	16384	45
5	65536	17	30	40
36	65536	44
24	65536	29
30	16384	31	34
29	262144	31
40	16384	47
31	65536	33
27	65536	29
33	16384	39
