node	size	children
1	65536	10	18	30
10	65536	17
31	65536	37
4	65536	10	18
29	16384	31
18	262144	19	28
27	16384	29
19	65536	22	24	42
6	16384	27
16	16384	19	28
26	262144	27
28	262144	33	34
37	16384	41	44
34	16384	39
41	262144	43
39	16384	43
36	262144	41
38	65536	39
5	65536	11	20
43	16384	45
11	65536	13
17	262144	21	38
45	16384	47
9	65536	11	16
7	262144	17	24
0	16384	9
40	65536	45
24	16384	25
3	65536	9	14	26	36
14	65536	15
25	16384	29
47	65536	
8	16384	12	14	34
21	16384	25
12	262144	13	20
46	16384	47
20	16384	21	22
42	16384	46
2	16384	12	32
32	262144	35
22	65536	23
44	262144	46
35	65536	37
23	16384	31
33	65536	35
15	16384	23
30	16384	33	40
13	262144	15	38
