node	size	children
88	16384	91
95	262144	99
48	65536	53
93	262144	95
3	65536	30	48	70
30	65536	31	79
16	262144	32	34	72
92	65536	93
31	16384	35	88
32	65536	37	62
99	262144	
35	262144	43	74
97	262144	99
4	16384	32	46	62
46	65536	47	92
29	16384	35
96	65536	97
28	65536	29	54	80	82
20	16384	24	46	50
87	262144	96
26	65536	28
6	65536	20	34	36
34	262144	39	86
86	262144	87
19	16384	26
39	262144	41
85	65536	87
10	262144	19
37	262144	39	42
83	65536	85
14	65536	19
79	262144	83
33	16384	37
5	262144	26
81	65536	83
8	16384	33
9	262144	28
17	65536	33	68
54	16384	55	56
80	16384	81
68	16384	69
18	65536	20	54
78	262144	81
42	65536	48	68
55	262144	59
72	262144	78
59	65536	63
23	262144	31	42	60
84	16384	85
2	16384	23	44
57	16384	59
44	262144	51
65	262144	69	84
56	262144	57	90
60	65536	65
51	262144	61
90	65536	93
63	65536	65
71	262144	75	88	90
50	262144	51
69	65536	71
70	65536	71
61	65536	63
94	262144	96
43	16384	49	70
58	65536	61	64
49	16384	57
38	65536	43	66
15	16384	21	58
47	262144	49
0	16384	23	38
21	16384	27
66	65536	73
1	16384	21
13	16384	29
73	65536	97
27	16384	30	56
7	65536	22
67	65536	73	74
25	262144	27	58
62	262144	67
24	65536	25
64	262144	67
12	262144	24
74	65536	75
22	65536	25	40	76
75	65536	77
11	65536	22	40
77	16384	89
40	262144	41	82
41	65536	45
76	16384	77
45	65536	47	84
89	65536	91
36	65536	45	52	94
82	65536	89
52	262144	53
91	262144	95
53	65536	55
