node	size	children
36	16384	38	49
43	262144	46
3	65536	18	31	41
61	262144	62
18	16384	21
34	65536	36
10	16384	15
59	65536	62
4	16384	18	53
30	16384	34
53	262144	56
67	262144	68
28	262144	30	55	61
22	16384	26	31	53
1	16384	16
68	65536	70
8	16384	19
32	65536	36	67
26	262144	28	43
15	65536	22
65	16384	68
25	262144	26	27
6	16384	15	47
54	262144	58	65
47	16384	48
5	262144	14	25
58	262144	69
21	65536	34	47
14	65536	20
52	65536	58
48	65536	52
0	16384	14
20	262144	22	57
39	65536	52
46	262144	48
11	16384	23
19	16384	20
37	65536	38	39
23	16384	24
44	16384	46
16	65536	19
38	65536	40
12	262144	23	33
41	262144	44	49	57
7	16384	16	29
40	65536	42
57	262144	60
33	65536	42
29	16384	30	37
13	262144	24	29	51	59
60	16384	64
9	16384	17	33	55
35	65536	40
17	65536	21	35
24	262144	28
42	16384	44
70	262144	
56	65536	60
2	262144	17	45
51	65536	54
45	65536	50
69	16384	70
55	16384	56
66	65536	69
50	16384	54
27	262144	32	37	39	51
64	65536	66
63	65536	66
49	262144	50
62	65536	64	67
31	262144	32	63
