node	size	children
75	16384	78
61	65536	72
90	262144	92
72	16384	76
88	65536	90
66	262144	72
87	65536	88
65	16384	66	79	87
85	65536	88
35	65536	42	43	65
92	262144	
18	16384	25	35	59
91	16384	92
8	262144	18	41	47
41	65536	44	45
89	16384	91
76	65536	91
36	65536	39	41
32	262144	36
73	16384	76
55	16384	56
30	65536	32	59
29	16384	30
19	262144	29	57
7	262144	19
14	262144	19
57	65536	60
60	262144	62	75
54	16384	60
50	262144	54	81
49	262144	50	73
44	262144	46	49	85
39	65536	44
2	262144	22	33	39
22	16384	26
9	16384	22
26	262144	28
4	262144	26
28	16384	31	69
25	16384	28	89
3	262144	25	43
43	65536	46
46	65536	48
48	65536	52
45	65536	48	77
15	16384	34	45	55
34	262144	36
31	16384	34	38
11	262144	31
38	65536	40	75
10	16384	20	37	38
20	16384	32
17	65536	20	35	47
47	262144	50
37	262144	40	53	67
33	16384	37	55
5	262144	18	33	51
51	16384	58
58	262144	62
56	65536	58	83	85
52	262144	56
42	65536	52	71
40	65536	42	69
69	262144	70
70	16384	74
68	262144	70
64	262144	68
63	65536	64
62	65536	64
67	65536	68
74	65536	78
71	262144	74	89
59	16384	66	71	83
83	262144	84
84	16384	86
82	262144	84
79	16384	82
53	262144	54	65	79
81	16384	82
86	65536	90
13	16384	23
80	65536	86
23	16384	24	49
77	65536	80
6	262144	23
16	65536	21	77
24	16384	27	63
21	16384	29
1	16384	24
0	16384	21
27	65536	30	61
78	16384	80
12	262144	27	61
