node	size	children
24	262144	27	42
26	65536	29
38	262144	43	46
75	262144	77
19	65536	24	66	72
29	65536	38
50	65536	51
74	262144	75
15	262144	19
25	262144	29	39
52	65536	71
72	16384	74
11	65536	15
23	262144	25	32
30	65536	33
71	65536	74
2	65536	15
0	65536	23
17	262144	19
62	65536	63
20	65536	23
7	262144	18	68
68	16384	71
18	262144	25	30	34	44	49	50	64
13	16384	17
64	65536	67	68
4	262144	20	36	62
36	16384	37
5	16384	18	54
8	16384	17	39
67	65536	69
39	16384	45
27	16384	31	36
54	16384	61
69	65536	73
45	65536	47
22	16384	27	48
46	16384	48	54	56
66	16384	69
44	16384	45	66
14	262144	22
1	65536	16	46
73	16384	75
16	262144	22	52
9	16384	20	40	44
48	262144	59
40	16384	41
61	16384	73
3	65536	16	34	60
59	65536	65
77	16384	
41	262144	53
34	262144	35
57	262144	61
58	16384	59
37	16384	41
35	262144	40
56	262144	57
65	262144	67
33	65536	37	38	50
31	262144	35	58
55	65536	57
63	262144	65
32	262144	33	70
28	65536	31
53	16384	55
60	16384	63
10	16384	21	26	28	58
70	262144	77
51	16384	53
49	65536	55	60
12	65536	24	70
21	262144	26
47	65536	51
42	262144	43	49
6	262144	21
43	262144	47
