node	size	children
33	65536	35
29	16384	33
28	262144	29
25	262144	29
0	262144	9	12	14
9	65536	13
24	16384	25
8	65536	9	24
4	262144	8	10	14	16	18
35	65536	
10	65536	13
34	262144	35
2	65536	10	20
20	65536	21	24	28
31	65536	34
21	65536	23
26	16384	31
18	16384	21
14	65536	19	26
23	262144	27	32
19	16384	27
15	65536	23	28
17	65536	19
12	16384	15	22
13	262144	17
22	262144	25	26
27	262144	31
30	65536	34
16	16384	17	22	30
1	262144	7	30
11	16384	15	16
7	262144	11
3	262144	7
5	16384	11	32
6	16384	8
32	262144	33
