node	size	children
41	262144	45
34	262144	37	42
4	65536	11	18
38	262144	41
11	16384	15
42	262144	43
29	16384	35	38
10	65536	11	14
43	16384	45
28	65536	29
35	262144	43
7	65536	10	14	24
14	16384	15	28	33	42
23	16384	29	36
33	65536	35
15	262144	17	28
21	262144	23	26
45	262144	47
17	262144	19	20	30
12	262144	21
47	16384	
16	262144	17
2	262144	12
36	262144	37
18	65536	21
1	65536	16	22	40
22	262144	27	34
8	16384	10	18	32
32	65536	33
27	16384	31
30	65536	32
25	16384	27
5	65536	13	30
20	262144	25
13	16384	19
0	262144	13
24	262144	25
19	16384	23	44
31	262144	39
44	65536	46
26	16384	31
46	262144	47
3	65536	9	16	26	44
39	16384	46
9	65536	12	34
6	16384	9	40
37	65536	39
40	262144	41
