node	size	children
28	262144	32	35	51
61	262144	62
44	65536	48
46	16384	54
16	16384	19	29	35	61
40	262144	44
54	262144	58
26	16384	28
4	65536	16	63
37	262144	40
41	65536	54
32	262144	36	39	41
63	262144	68
2	16384	15	37
30	16384	32	43
58	16384	60
57	16384	60	63
39	65536	40
27	16384	30	45
51	65536	58
11	16384	14	39
53	65536	55	57
60	16384	62
23	262144	24	27
14	16384	18
38	16384	42	53
21	65536	23	33
62	16384	64
13	65536	14
36	262144	38	67
8	65536	21
70	262144	72
48	65536	50
1	65536	21
34	16384	36
33	262144	34	69
72	262144	
24	16384	34	41
10	262144	48
19	262144	23
69	65536	71
18	262144	24	26
50	16384	52
71	65536	72
29	16384	30
12	16384	18	65
49	16384	50
68	65536	71
52	65536	56
65	262144	70
67	262144	68
56	262144	66
9	262144	17	26	43	65
17	65536	19	37
45	262144	46	67
55	65536	56
3	16384	17	31	69
7	262144	16	45	47
31	262144	38
5	262144	20
47	262144	52
66	65536	70
20	16384	22
6	65536	22	31
42	262144	44	47
64	65536	66
22	65536	25	49	59
15	65536	20
59	16384	64
35	16384	42
25	16384	28
0	262144	15	61
43	16384	46	59
