node	size	children
87	16384	
85	16384	87
75	16384	85
72	16384	75
84	16384	85
73	65536	79
68	65536	73
67	16384	73
61	262144	67
58	16384	61
46	262144	61
36	262144	41
29	16384	35
6	262144	19	44
44	65536	49
14	262144	26
86	65536	87
38	16384	43
35	16384	37	38	76
34	16384	35	54
20	65536	21	34
1	65536	23	30	64
3	65536	20	32	56
0	16384	20	80
23	16384	25	50	72
80	262144	81
5	262144	23
4	262144	22	36	40	80
25	16384	28	66
22	16384	28	50	52	60
11	262144	25	62
28	16384	31	76
62	16384	63
31	65536	33
63	65536	67
9	65536	31
76	16384	77
59	65536	63
56	16384	59	82
77	16384	83
74	65536	77
49	262144	53	56
21	262144	39	74
47	65536	49
41	262144	47
12	262144	21	34
39	65536	41	44	46	66
43	262144	45	74
33	262144	39	48
40	262144	43
30	65536	33	40	64
83	16384	86
81	262144	83
7	262144	18	30	46	70
18	16384	22
79	262144	81
16	16384	18	42
78	262144	79
42	16384	47	58	68
50	65536	55	60	78
55	65536	57
27	65536	29	42	58
54	65536	55
8	65536	27
24	65536	27	48
52	262144	54
10	16384	24
57	16384	59
15	16384	24
53	262144	57
48	262144	51	72
60	262144	65
51	262144	53
65	16384	69
45	65536	51
64	16384	65
37	262144	45
69	262144	71
32	16384	37
66	262144	69
26	262144	29	32
71	65536	75	84
19	65536	26	36	70
70	16384	71	82
17	262144	19	84
82	262144	86
2	65536	17
13	262144	17	38
