node	size	children
55	16384	56
51	65536	52	59
16	262144	25	29	79
61	65536	64
26	262144	30
52	65536	60
47	65536	48	51
15	262144	16	67
8	16384	26
62	65536	64
30	65536	32
50	16384	52
67	262144	76
1	16384	21	47
60	262144	62
21	16384	22	41
25	16384	30	53
49	16384	50
76	16384	80
58	65536	60
18	262144	21	37	67
7	65536	18
6	16384	25	33	43	45
72	16384	76
57	65536	58	65
33	262144	34
17	65536	18	47
11	65536	24
0	65536	19
71	262144	72
42	16384	44	57
34	65536	38	71
12	262144	17	75
65	65536	72
32	262144	34	39	49	55	69
41	65536	42
75	16384	78
80	16384	82
44	16384	48
31	262144	32
13	16384	23	35	75
79	262144	80
43	16384	44
27	65536	28	31
23	262144	27
4	65536	16	73
59	65536	62	79
48	65536	54
24	16384	27	31	77
10	16384	23	37
22	16384	24
54	65536	58	77
82	16384	
37	262144	40	59	65
53	262144	54	57
19	16384	22	43
29	16384	36
40	262144	42
14	16384	26
77	16384	81
5	262144	19	45
38	65536	40
3	16384	17	73
45	65536	46
70	65536	74
81	65536	82
36	16384	38	63
46	16384	50
69	65536	70
78	262144	81
35	16384	36	63
28	16384	46
68	65536	70
74	16384	78
63	262144	66
20	16384	28	29	61
56	65536	68
73	16384	74
66	262144	68
2	65536	20
39	262144	56
9	65536	20	51
64	16384	66
