node	size	children
14	262144	16
24	16384	26
8	16384	14	18	33
22	65536	24
2	262144	8	33
33	16384	36
19	16384	22
36	262144	38
21	65536	26
30	65536	36
5	16384	8	21	31	37
25	65536	30
31	262144	34
23	16384	24	25
34	262144	41
17	16384	22	23
41	65536	42
15	262144	17	18	25	27
39	65536	41
18	262144	20	29	31
42	262144	
20	262144	28
40	16384	42
12	16384	20	39
37	65536	40
10	262144	12	35
38	262144	40
4	65536	10
7	262144	10
6	65536	11
35	262144	38
27	262144	32
11	262144	14
3	65536	12
32	262144	34	35
9	65536	11	15	21
29	262144	30
0	262144	9	13	19
28	16384	32
13	16384	16	17	39
1	262144	9
26	16384	28
16	262144	19
