node	size	children
23	65536	25
75	16384	
55	65536	65
24	65536	30
19	262144	23
51	16384	55	60
22	16384	24
9	262144	16
4	16384	21	34
2	16384	19	41	60
48	262144	51
41	65536	53
17	262144	22
21	262144	24	44
7	262144	15
60	262144	61
53	262144	57
8	16384	21	28
42	16384	43
5	16384	17	42
28	16384	29
61	65536	63
49	16384	53
43	262144	47
26	16384	28
52	262144	61
47	65536	49
40	65536	43	44	48	72
15	262144	17	26	54	64
63	65536	66
46	262144	47
16	65536	23	40
13	65536	15	62
57	16384	63
45	65536	49	50	70
11	262144	16	32
62	262144	67
56	16384	57
35	262144	45
32	16384	35	58
54	16384	59	62
66	262144	69
44	262144	45
6	16384	18	32
29	262144	35	42	54
18	262144	22	58
50	262144	55	56	66
65	262144	67
27	65536	29	46
64	16384	65
0	65536	33	50
3	262144	18	72
72	262144	74
20	262144	27
33	65536	36
67	65536	71
74	262144	75
14	16384	20	38
31	65536	33
71	65536	73
69	262144	74
10	16384	19	31
34	262144	37
70	262144	71
68	65536	69
25	262144	27
36	16384	37
73	262144	75
38	16384	39
12	262144	20	68
39	16384	51
37	262144	40
59	262144	73
1	262144	25	34	52	68
30	262144	39
58	65536	59
