node	size	children
27	16384	29
4	262144	7	10
10	16384	19
25	65536	27
1	16384	8	10	14
24	262144	25
8	65536	12
2	262144	8
19	262144	23	24
12	262144	13
23	65536	25	28
13	65536	15	30
20	65536	23
11	16384	13	22
28	262144	29
0	16384	11	18	32
18	262144	19	20
26	262144	27
6	262144	9	14	18	24
35	16384	
9	16384	11
14	16384	15
33	262144	35
15	262144	17
30	262144	33
17	16384	21	26	28
32	65536	33
16	16384	17
21	16384	31
3	65536	21	22
22	16384	31
31	262144	34
34	16384	35
5	16384	7	16
29	16384	34
7	16384	9	20
