node	size	children
14	262144	16	25
23	16384	28
45	16384	46
12	65536	14
46	16384	48
6	16384	12
2	262144	12	19	33
48	262144	50
19	262144	20	23
50	65536	
16	65536	18	19	31
49	16384	50
8	16384	16	27
27	262144	28	41	47
47	262144	49
25	262144	26	27	31
44	262144	49
21	262144	22	25
32	65536	44
1	262144	10	21
31	262144	32
10	16384	13
9	16384	11
42	65536	44
11	16384	15	33
3	262144	10	21	29
41	65536	42
4	262144	11
13	262144	18
34	16384	42
15	262144	20
0	16384	13	35
5	16384	15	39
33	16384	34
35	65536	36	43
39	65536	40
26	65536	34
36	16384	38
40	262144	48
24	65536	26
43	65536	46
38	16384	40	45
18	262144	24
30	262144	32	43
37	262144	38
17	65536	24
22	65536	30	37	47
29	16384	36	37
28	262144	30
20	262144	22	45
7	65536	14	17	29	41
