node	size	children
57	65536	60
53	16384	54
61	65536	69
60	262144	62
54	65536	58
26	65536	30	61
59	262144	60	67
50	262144	54	67
30	65536	36
67	65536	68
0	16384	15	53	57
47	262144	50
28	65536	30
10	65536	23
40	262144	42	43	47	59
68	262144	70
24	65536	28	63
23	262144	32
34	65536	40	55
65	65536	68
63	262144	64
21	262144	23
29	262144	34	41
70	65536	
8	16384	17	63
16	262144	21	27	37
1	262144	20	29	31
17	16384	21
69	65536	70
20	262144	22	65
7	262144	16	49
11	65536	17
49	262144	50
66	65536	69
4	16384	20
22	262144	26	45
64	16384	66
37	16384	38	49
62	16384	66
12	262144	22	35
58	16384	64
38	262144	44
56	262144	62
35	262144	52
55	262144	58
36	262144	38
48	65536	56
27	262144	28
14	16384	18	35
33	262144	36
46	16384	48
52	16384	56
13	65536	14	31
44	16384	46
25	65536	26	33	41
31	262144	32
51	262144	52
43	262144	44
2	262144	19	25	39	47	59
19	16384	24
6	65536	16	51
32	16384	34
42	65536	46
39	262144	40
15	16384	19	53
5	65536	14
41	262144	42
18	16384	24	25	29
9	262144	15	33
45	65536	48	61
3	65536	18	57
