node	size	children
39	262144	45
18	262144	21	40
37	16384	39
40	16384	45
24	65536	37
45	65536	47
20	65536	23	24	32
47	16384	
9	16384	12	20	34
46	262144	47
8	262144	9
3	65536	9	26
43	65536	46
26	16384	27
41	16384	43
2	65536	12	26
4	65536	17
12	262144	19
38	65536	41
17	262144	23	30
19	16384	21	38
16	65536	17	34
34	16384	41
15	262144	19	20	22
14	65536	16
44	65536	46
13	16384	15	28	42
33	65536	35
5	262144	11	14	18
11	262144	13	40
42	262144	43
35	16384	37
22	16384	25	42
32	65536	35
0	262144	11	30
30	262144	31
25	262144	29
7	16384	15
6	16384	10
31	16384	33
23	65536	25
28	262144	31
29	16384	33
10	65536	13	18	28
27	16384	29	44
1	262144	10	36
21	262144	27
36	262144	39
