node	size	children
79	16384	87
60	65536	61
77	65536	79
61	262144	67
76	65536	77
53	65536	61	88
73	262144	77
52	65536	53
46	65536	47	52	84
64	16384	73
33	65536	35	46
72	65536	73
93	262144	95
29	65536	33
88	65536	93
14	262144	29	48
95	262144	
48	65536	51	76
12	65536	21
42	262144	45	48	50	66
1	262144	20	42	50
32	65536	37
50	16384	51
51	262144	59
11	16384	24
59	65536	65
58	65536	59
15	16384	23	58	70	72
23	65536	25	38
4	262144	23	80
80	65536	81
81	262144	83
67	65536	81
66	16384	67
56	65536	57	66
28	16384	32	52	56	64
26	16384	28
7	65536	26	74
74	262144	75
75	16384	79
71	16384	75
70	65536	71
0	262144	22	84
2	16384	33	46	70
22	262144	26	60
69	16384	71
68	16384	69
20	16384	22
40	65536	41	44	68
9	262144	20	36
36	65536	43
10	16384	25	40	90
3	262144	27	36	82
25	16384	31	34
27	16384	29
24	65536	27
31	262144	39
17	16384	24	60
13	16384	31	40
39	262144	41
37	262144	39	62	82
34	262144	37
8	65536	19	34	72
19	65536	30
16	16384	19
30	262144	32	76
21	262144	30
6	65536	21	62
62	65536	63
63	16384	65
57	16384	63
55	262144	57
49	16384	55
41	65536	49	86
86	16384	89
5	262144	35	86
35	262144	38	44	68
38	16384	43
43	16384	53
44	65536	45
45	65536	47
47	65536	49	54
54	16384	55
89	65536	91
84	16384	89
91	16384	94
90	65536	91
18	262144	28	90
94	262144	95
92	65536	94
82	262144	85	88	92
85	16384	87
83	65536	85
78	262144	83
65	65536	69	78
87	262144	93
