node	size	children
35	262144	37	46	58
18	16384	25	44
56	16384	57
24	262144	25	35
6	16384	18
12	262144	17	56
10	262144	18
22	65536	23	24	32
59	16384	61
44	16384	45	58
9	262144	16	22
54	16384	59
16	262144	21	56
33	65536	39	44
2	65536	16	22	40
61	65536	63
32	65536	33
40	16384	43	52
55	65536	61
26	262144	33	62
5	262144	20	40
51	262144	55	60
20	65536	21
62	16384	63
11	262144	20	24
45	65536	51
41	262144	45	62
47	262144	51
21	262144	27	32
39	16384	41	46
27	16384	31
46	262144	47
34	65536	39
23	65536	27	48	54
60	16384	64
30	16384	34	42	48
0	65536	14
17	262144	23
64	65536	65
42	16384	43
14	65536	19	50
8	262144	17	28
58	16384	64
43	65536	49
28	262144	29	42	52
1	16384	14
65	16384	
49	16384	53
7	262144	13	28	38
19	262144	26
63	16384	65
13	65536	15
48	65536	49
15	16384	19	30	34	50
3	65536	13
52	65536	55
4	262144	15	36
38	65536	47
53	65536	57
36	65536	37
29	65536	31
50	65536	53
25	262144	29	38
37	16384	41
31	16384	35
57	16384	59
