node	size	children
2	262144	13	18
35	65536	37
13	16384	15	20
31	16384	35
8	262144	13	40
40	65536	45
30	65536	31
12	65536	18	32	40
39	65536	41
5	65536	12	26	30
41	16384	46
26	262144	39
36	262144	41
15	262144	17	26
0	16384	9	19
9	65536	12
46	16384	47
14	65536	15
3	16384	9	34
43	65536	46
34	65536	35
11	262144	14	20	30
27	262144	31	34
38	262144	43
4	262144	11	14	44
44	262144	45
23	16384	27	28
42	262144	43
29	65536	33	44
19	16384	23
47	16384	
28	262144	29
45	16384	47
22	16384	23	38	42
24	16384	29
20	262144	21
1	16384	10	16	22
10	65536	11	36
16	262144	24
6	262144	10	25
17	16384	24	32
25	262144	27
7	65536	17	22
21	262144	25
32	262144	33
33	262144	37
18	262144	21
37	262144	39
