node	size	children
2	16384	12	35
26	16384	28
39	65536	40
35	16384	36
24	262144	26
31	65536	42
33	65536	34	35
22	65536	24
19	16384	20	21	33
47	262144	48
21	16384	22
45	65536	47
3	65536	15	19
15	65536	34
7	65536	10	21
10	262144	14
34	16384	36	45
23	262144	24	27
8	65536	10
36	262144	44
27	16384	28
14	262144	30
28	16384	32
40	262144	42
0	16384	14	43
44	65536	47
20	16384	22
43	16384	44
18	262144	20	49
32	65536	37	38	43
16	65536	18
30	262144	32
49	262144	50
29	65536	30
50	65536	
4	16384	11	29	39
11	16384	16	33
48	262144	50
6	65536	11	17
46	65536	48
17	262144	18	25	31	49
37	65536	46
1	16384	13	17	37
13	262144	16	23	39
42	16384	46
9	16384	13	19	25
5	65536	12
25	262144	26
12	65536	15
38	16384	40
