node	size	children
83	16384	86
67	16384	68	83
91	262144	92
87	65536	91
92	262144	
90	16384	92
48	16384	50
43	262144	48
36	262144	38
5	65536	28
14	262144	20
86	262144	91
34	65536	40	51
46	16384	62	63
52	65536	54	77
40	16384	46
47	262144	52
35	65536	40	53
44	262144	47	57
19	16384	25	35
39	16384	44	81
13	16384	19	42	67	79
81	16384	82
42	16384	48
82	65536	84
23	262144	27	42
79	65536	82
0	16384	23
84	65536	88
20	262144	23
80	65536	84
6	16384	20	89
89	16384	90
77	65536	80
68	65536	74	89
76	65536	80
62	16384	68
69	262144	76
60	16384	62
74	262144	76
59	262144	60
73	262144	74
17	262144	21	59	71
88	262144	90
21	65536	22	37	39	71
85	262144	88
9	16384	21	55
56	262144	58	85
55	16384	60
54	16384	56
11	262144	18	55
53	65536	54
18	262144	31	43	87
50	65536	56
7	16384	18
31	65536	32	47
49	16384	50	63
24	16384	31
63	16384	66
8	262144	24	59
1	65536	24
66	16384	70
32	262144	34	77
65	65536	66
28	16384	32
10	262144	19	65
22	16384	28	41	73
70	65536	72
12	262144	22
64	16384	70
41	16384	44
61	65536	64
38	65536	41
58	262144	64
37	262144	38
57	16384	58
2	262144	30	49
33	16384	36	37	75	87
72	65536	78
30	16384	34	39
15	16384	25	33
29	262144	30
71	16384	72
25	262144	26
78	65536	86
27	16384	29
26	65536	36	69
75	16384	78
4	16384	27	45
3	262144	26	51	61
45	262144	46	73	81
51	65536	52
16	16384	29	45
