node	size	children
32	65536	46
13	65536	19
10	262144	22
17	65536	20	21
1	16384	13	27
55	262144	56
21	16384	22
14	65536	17	37
27	65536	30	33
51	262144	54
9	65536	14	35
49	65536	62
30	16384	32	39
35	65536	36
33	262144	34
62	65536	64
25	262144	30	59
5	65536	16	31	35	43
61	16384	62
16	65536	18	33
8	65536	14
59	262144	60
4	262144	16
29	16384	36	61
60	16384	63
18	65536	28	29
36	16384	38	45
57	16384	60
15	65536	18	37	49
64	16384	
37	65536	40	57
2	262144	15
6	262144	15	23	25	39	51	57
63	16384	64
40	65536	44
23	262144	24	47
58	262144	63
39	262144	40	41
24	65536	26	51
53	16384	58
46	262144	48	55
20	65536	24	53
41	16384	42
56	16384	58
19	16384	20
42	262144	46
54	16384	56
3	262144	19	47
38	16384	42
47	65536	50	53
52	16384	54
34	65536	38
48	262144	52
50	262144	52	55
28	262144	34	49
45	16384	50
44	262144	48
7	262144	12
26	262144	28
43	262144	44
31	65536	32	45
12	262144	17	27
22	262144	26
11	65536	13	31
0	65536	12
