node	size	children
53	16384	63
16	16384	31
6	16384	17	54
26	65536	27	32
38	262144	53
54	16384	55
14	65536	16
19	16384	21	26	30
63	65536	68
37	262144	39	42	54
9	262144	16
7	16384	19	62
51	16384	55
33	65536	37	70
68	65536	69
62	65536	63
45	65536	51
69	16384	76
27	16384	33	74
59	16384	61	62
43	16384	45
67	16384	69
23	262144	27
56	65536	59
41	16384	43
65	65536	67
5	262144	23
31	65536	35
46	16384	47	56
12	65536	23
40	262144	41	44
76	16384	77
0	262144	18	46	66
74	16384	76
66	16384	67
44	262144	45
77	65536	
70	262144	71	74
55	65536	57
39	16384	41	66
75	16384	77
71	262144	73
57	16384	59
32	16384	39	48
64	65536	75
61	65536	71
4	16384	15	32	34
48	65536	57	58	65
29	16384	33
15	262144	17	30	65
60	16384	61
58	262144	64
11	65536	20	40
10	65536	19
8	16384	15	28
20	16384	22	42
73	262144	75
28	16384	29
47	65536	49	58
18	65536	20	48
42	262144	47
72	65536	73
22	65536	25	28	60
2	16384	18	36
1	65536	22
49	16384	52
36	262144	43
50	16384	51	72
25	16384	31
35	16384	37	50
30	65536	49
24	65536	29	36	38	52
21	262144	25
34	262144	35
52	16384	53	72
3	262144	24
17	65536	21	70
13	16384	24	26	34	44
