node	size	children
38	65536	39	62
27	16384	31	52
58	65536	68
11	262144	14	26	54
3	16384	23	38
52	262144	57
26	262144	27
65	65536	68
23	262144	27	62
57	16384	61
63	65536	65
17	262144	19	26	30
21	65536	23	36
55	65536	57
19	16384	22	56
60	65536	63
13	262144	21
46	262144	55
62	262144	63
9	65536	19
5	65536	13
56	262144	59
2	16384	13
64	262144	65
20	65536	21	42	66
14	65536	15	32	40	42
54	16384	56
51	16384	55
44	16384	49
18	65536	20	24
36	16384	41	54	64
49	262144	51
50	65536	51
6	262144	18
41	65536	47
48	65536	49	58
4	16384	18
42	262144	45
24	16384	25	46
39	262144	41
40	16384	43	48
25	16384	33	58
30	262144	31	40
37	262144	39
22	262144	25	29	60
28	262144	37
43	16384	53
10	65536	14
15	65536	17	22
8	16384	28
53	16384	59
34	65536	37
59	65536	61
12	262144	15	29
1	262144	20	34
29	262144	35	48
61	262144	67
47	262144	53
67	65536	69
35	16384	43	50
45	65536	47
32	262144	35
33	262144	45	60
0	65536	16
66	16384	67
16	16384	17	28	32
69	65536	
31	16384	33	44	64
7	262144	16	38
68	262144	69
