node	size	children
44	262144	45
18	16384	19	20	34
1	16384	11	43
43	16384	47
39	16384	45
7	65536	12	18	24
12	16384	16
47	262144	53
38	16384	39
8	65536	12	30	40
42	16384	47
37	65536	39
30	65536	33	54
31	262144	42
36	262144	37
33	65536	35
29	65536	31
23	262144	33
34	262144	37
28	65536	29
10	262144	23	40
16	262144	23	48
3	262144	15	22	28
6	262144	16
40	65536	41
15	16384	17
50	262144	52
41	262144	44	50
13	262144	15
55	16384	
35	262144	41
4	16384	13
54	16384	55
5	262144	13
27	65536	29
32	262144	35
26	65536	27
25	16384	31	32
0	262144	11	26
22	262144	25
24	262144	27
20	16384	21	22	38
53	65536	55
21	262144	25	36	50
52	65536	53
19	65536	21	38
9	65536	14
48	65536	52
14	65536	18
17	65536	19	43
45	65536	48
2	262144	14
11	65536	17	36	42
