node	size	children
40	262144	42	61	65
36	16384	40
34	65536	36	53	77
33	65536	34	43
20	262144	23	33	49
9	262144	20	55	89
55	16384	56	59
56	65536	60	67	89
51	262144	56
60	65536	62
52	262144	60
46	16384	52
43	16384	46
44	65536	46
42	65536	44	69
41	16384	42
69	65536	70
70	262144	72
72	262144	76
64	65536	72	73
73	16384	76
71	262144	73	87
87	262144	91
32	16384	34	39	77	87
31	16384	32	47	49
21	16384	31	79
10	16384	21
13	16384	21
79	65536	90
76	65536	79
90	16384	92
88	16384	90
86	262144	88
83	262144	86
85	16384	88
92	16384	
91	16384	92
89	262144	91
49	262144	50	75
17	16384	22
50	65536	52
22	262144	27
5	65536	22
75	262144	78
27	65536	31	37	51	74	85
78	262144	80
18	16384	27	53
77	65536	78
12	16384	18
39	262144	44
3	262144	18	81
81	262144	84
62	65536	68
84	65536	86
61	16384	62
82	16384	84
68	16384	82
80	262144	82
66	16384	68
74	16384	80
65	65536	66
67	262144	70	74
59	16384	66
63	16384	64	67
19	65536	20
15	16384	25	63
16	65536	19
25	16384	28	45
14	16384	19
23	16384	25	35	51
53	65536	54
0	16384	23	57
57	16384	58	83
1	16384	36
58	262144	64
54	262144	58
47	262144	54
8	16384	29	47
29	65536	30
11	65536	29
30	65536	32	41
6	262144	30	35	43
35	16384	48
48	16384	50
45	262144	48	55
4	16384	26	45	71
26	16384	28
24	65536	26
7	16384	24
2	16384	24
28	65536	38
38	65536	40	63
37	262144	38
