node	size	children
3	262144	14	17	23
33	65536	40
17	262144	26	27
50	262144	
44	16384	49
26	65536	30
48	16384	50
42	65536	44
47	262144	48
45	262144	46
22	65536	26	29	37
41	16384	42	47
20	65536	22	31
37	65536	42
13	65536	15	23	41
15	65536	20	33
2	262144	13
4	16384	15	19
7	262144	13
19	16384	22	25
23	262144	24	35
25	16384	28
24	65536	28
10	262144	16	21	25
21	16384	24
6	16384	10	29
16	262144	18	21
29	262144	30
18	65536	20
30	262144	32
28	65536	35	45
32	16384	34
5	16384	12
27	262144	32
12	65536	16
35	262144	38
34	262144	48
0	65536	12	39
38	65536	46
39	262144	40
31	16384	34	37
36	65536	38
1	16384	11	36	39
8	16384	10	31	43	47
11	262144	14	27	33
46	16384	49
43	262144	44
9	65536	11
40	262144	43
14	65536	18
49	262144	50
