node	size	children
18	16384	21	32	40	50
23	16384	33
21	262144	29
13	262144	18
63	262144	66
36	262144	37
4	65536	13	54
54	65536	55
50	262144	63
46	262144	49
66	262144	67
41	262144	43	46
49	65536	53	54
60	262144	66
34	16384	41	52
45	65536	49
2	65536	15	48	60
58	262144	60
15	65536	20	30	48	61
52	16384	53	56
42	65536	45	52
67	16384	
53	262144	59
14	65536	23	42
5	16384	15
20	16384	25	32
65	16384	67
59	16384	63
0	16384	14
17	16384	20	34	36
64	16384	65
9	262144	14	22	58
57	65536	59
22	16384	25
1	16384	17	26
8	262144	18	64
56	16384	57
61	262144	65
19	262144	21	22
26	16384	27
55	65536	57
16	262144	19	24	38
6	65536	17	26	28
28	262144	39
3	262144	19
40	262144	45
51	262144	55
7	65536	16	42
39	65536	41	56	64
12	16384	16
11	262144	13
48	16384	51
37	16384	39
24	262144	31	44	61
47	65536	51
35	65536	37	50
31	65536	36	46
44	16384	47
30	65536	35
29	65536	31
43	65536	47
33	16384	35
27	65536	29
38	16384	43
32	16384	33
25	65536	27
10	262144	23	38
