node	size	children
75	65536	78
3	262144	26	34
34	262144	41	52
72	65536	75
54	65536	59	60	72
41	16384	49
39	16384	41
4	65536	25	54
25	65536	29	36
37	16384	39	44
8	16384	25
29	262144	32
31	262144	37	52	84
22	262144	31	40
1	262144	29
36	262144	39
16	16384	22	82
59	16384	61
82	16384	87
53	262144	59
87	65536	91
51	65536	53
86	262144	87
47	65536	51
0	16384	23	46	76
79	16384	85	86
23	16384	27	76	78
44	16384	47
10	65536	24	79	90
21	16384	23
45	65536	47
90	65536	94
18	262144	21	62
40	16384	45
94	65536	95
62	16384	73
83	262144	89
92	65536	94
73	65536	80
77	16384	83
50	65536	53	92
71	16384	73
76	16384	77
6	65536	19	50	66
70	262144	71
74	65536	77
19	262144	21	42	54
24	65536	28	70	90
89	65536	91
15	262144	19
20	65536	24	36
85	262144	89
42	65536	43
43	65536	51	88
84	16384	85
14	65536	20
91	65536	93
35	262144	43
11	16384	20	56	82
93	262144	95
56	65536	57
32	65536	35
30	65536	32	72
88	16384	93
49	65536	55	56	86
95	16384	
9	262144	30	38	64
48	65536	49	92
64	65536	65
28	262144	30	48
58	262144	63
65	16384	75
12	65536	28	68
63	16384	65
13	262144	35
68	262144	69
17	16384	22
61	262144	63
69	16384	71
57	65536	61
2	65536	31
67	262144	69
46	16384	48
55	262144	57	66	80	84
60	65536	67	74
52	16384	55
38	65536	45	60
66	65536	67
7	16384	27	38
27	65536	33	58
80	262144	81
33	65536	37
81	16384	83
26	16384	33
78	262144	81
5	16384	26
