node	size	children
21	65536	24
5	16384	12
15	16384	20	23
24	65536	28	39
8	16384	15	41
28	262144	30
41	65536	42
25	65536	28	33	43	47
42	65536	49
6	262144	11
20	65536	25
49	65536	50
11	262144	14
16	16384	20
3	262144	11	22
46	16384	49
22	262144	24	32
14	16384	16	26
44	262144	46
17	262144	18	22	29	32
1	16384	14	45
37	65536	44
45	65536	48
9	65536	10	17
39	16384	44
10	65536	13	37
32	262144	35	45
43	65536	46
35	16384	38
0	262144	10	29
29	16384	31
38	16384	40
50	65536	
31	65536	36
40	16384	42
48	262144	50
36	65536	38
34	262144	40
27	16384	36
47	16384	48
33	65536	34
4	262144	16
23	262144	27
30	65536	34
19	262144	23
26	16384	30
2	262144	13	19	21	43
13	262144	18	19	35
7	65536	12	26
12	16384	15
18	262144	21	25
