node	size	children
40	65536	42
41	262144	44
7	262144	10	17
38	65536	40
10	16384	16	51
48	262144	52
37	65536	38
0	262144	10	49
46	65536	48
49	65536	50
26	65536	38
45	65536	46
12	65536	22	49
52	262144	54
36	262144	40	45
6	65536	12	47
9	262144	13	17
51	16384	52
47	65536	50
35	16384	36
54	16384	
50	65536	53
33	65536	36	39
53	65536	54
39	65536	42
34	262144	53
5	65536	11	21	25	29	39
21	16384	28
27	16384	34
28	262144	30
18	16384	20	27	41
8	16384	14
25	16384	28
14	16384	18
20	262144	24	35
30	65536	32
11	65536	14	27
24	262144	26	33	37
1	262144	11	23
29	16384	30
22	262144	24
23	16384	26
4	65536	12	19	29
16	16384	22	31
19	16384	20	23
32	65536	34
15	65536	16	43
3	16384	13	19	41
31	262144	32
13	262144	15	31	45
2	262144	15
43	65536	44
42	65536	46
17	65536	18
44	262144	48
