node	size	children
90	65536	91
62	262144	65	76
33	16384	37	62
49	16384	55
46	65536	49
10	262144	20	46
45	65536	53
44	65536	45
9	65536	19
4	16384	23
47	65536	49	60
17	262144	26
42	16384	47	82
31	262144	35
82	262144	89
23	65536	31	46	56
89	262144	94
11	65536	23	54	72
88	16384	89
54	262144	59	84
72	16384	83	88
59	262144	61
83	65536	85
55	262144	59
75	65536	83
53	262144	55
71	262144	75
52	16384	53
70	65536	75
50	65536	52
85	16384	93
28	16384	33	52
76	16384	85	92
56	65536	57	76
3	65536	28
20	16384	28
57	65536	61
2	16384	20	78
78	16384	79
61	65536	63
51	262144	57	78
63	16384	69
27	262144	47
60	16384	63	80
30	16384	51
80	65536	81
19	16384	30	66
15	65536	32	80
13	262144	19	58
58	16384	67
81	16384	87
67	262144	70
79	262144	81
77	262144	79
65	65536	67	74
74	16384	77
64	65536	65
73	16384	77
32	262144	33	64
29	262144	32	71	74
68	262144	73
7	262144	22
22	262144	30	44
69	65536	73
14	262144	29	36	44
1	65536	22	38	50
66	65536	69
36	262144	41	66
38	16384	39	86
41	65536	43	56	90
87	65536	97
6	16384	24	38	42
24	65536	27	60
43	65536	45
84	65536	87
97	262144	
5	65536	24	48
40	65536	43
48	65536	51	72
25	16384	29	40
95	16384	97
39	262144	41	48	68
18	16384	25
94	16384	95
37	262144	39
92	16384	94
8	262144	25
0	16384	21	40
35	16384	37	88
21	262144	27
93	65536	95
34	262144	35	36
16	65536	21
91	16384	93
12	16384	26	34
86	262144	91
26	16384	31	34	62	64
