node	size	children
10	65536	13	28
44	16384	49
50	16384	53	64
28	65536	29	52
49	262144	55	56
64	262144	66
29	16384	31
47	65536	49
66	262144	67
25	262144	29	34
42	16384	47
63	65536	66
24	16384	25
36	262144	39	42
61	262144	63
34	16384	35
39	262144	45
60	16384	61	62
4	16384	18	26
14	262144	20	34	38
45	65536	50
18	65536	19	56
26	65536	27	60
7	16384	14
43	262144	45
6	262144	18	22	24	32	54
8	65536	14
62	16384	63
22	65536	25	64
20	65536	31	36	46
0	262144	13	30	43
2	65536	21	62
11	262144	15	22	24
31	262144	37
30	262144	35
56	262144	61
35	16384	41
67	65536	
37	65536	40
15	262144	20	28
41	262144	51
3	262144	15	54
27	262144	37
54	65536	65
52	262144	53
38	262144	41
40	16384	42
16	262144	27	30
65	262144	67
51	262144	55
46	65536	47
1	65536	16	32
59	16384	65
32	262144	33	43
48	65536	51
5	16384	16
58	16384	59
33	65536	39
12	16384	17	48
21	262144	23	58
23	262144	33	44
55	65536	57
19	65536	21
17	262144	23
57	16384	59
13	65536	19	46
9	16384	17	44
53	65536	57
