node	size	children
38	262144	39
11	262144	16
55	16384	59
39	65536	42
21	65536	25
53	262144	55
37	65536	39
25	16384	29
52	16384	53
32	16384	37
24	16384	25
23	65536	26	52
33	65536	37
22	65536	24
18	16384	23
29	262144	35	52
31	65536	33	36	44	48
7	16384	18
50	65536	55	60
26	262144	29	32	34
36	65536	47	56	62
4	65536	13	27
9	262144	14	26	36
60	16384	63
47	262144	49
13	16384	17	22	42
14	65536	18	38	50
63	16384	65
44	65536	47
8	16384	13
2	262144	14	46
17	65536	43
46	65536	53
61	65536	63
49	16384	51
0	65536	17	58
56	16384	61
27	262144	33	46
48	65536	49
58	262144	64
5	16384	20	27	62
65	262144	
51	16384	57
28	65536	31	58
20	65536	23
64	65536	65
19	65536	21	28
45	262144	51
15	65536	20
62	262144	64
43	65536	45	54
1	262144	19
6	262144	15	40
12	262144	19	30	50
40	65536	41
42	65536	43
3	65536	15
30	65536	31
41	16384	45
54	16384	57
10	16384	16	30	32
35	65536	41	56
57	65536	59
16	16384	21	22	24	40
34	262144	35	38	44
59	65536	61
