node	size	children
12	16384	15
37	65536	41	42	44
48	16384	49
9	65536	12
41	65536	43
6	262144	12
47	65536	49
17	262144	21	40	52
39	65536	41	54
46	262144	47
3	262144	17
33	262144	39
44	262144	47
21	262144	33
54	262144	55
18	16384	21	28	30
55	65536	57
0	262144	14	18	22	54
7	65536	18
14	262144	19	20
28	65536	29	46
53	65536	55
10	16384	14	38	48
29	65536	31
51	65536	53
38	65536	39	50
31	65536	35
45	262144	51
32	262144	33	38
30	65536	31
43	16384	45
13	262144	16	32	36
35	16384	37	52
40	65536	43
1	65536	13
34	262144	35	36
36	16384	45
11	65536	13
16	16384	19	34
50	262144	51
2	262144	11
8	16384	11	26
5	65536	16
20	16384	23	50
26	262144	27	46
19	262144	25
52	65536	53
27	262144	29	48
25	65536	37
24	65536	27
57	262144	
23	65536	25	40
56	65536	57
4	16384	15	24	28
22	262144	23	42
15	262144	17
49	262144	56
42	65536	56
