node	size	children
27	16384	28
38	16384	44
13	262144	22	23	39
31	16384	34
25	262144	28	59
32	262144	34	45
0	262144	13	33
33	262144	36
59	16384	60
30	262144	32
17	262144	20	23	27	33	55
57	16384	58	59
24	262144	30
12	65536	17	29
58	16384	61
23	262144	24
9	65536	12	43	57
34	65536	38	45
55	65536	58
43	262144	44
19	16384	24
7	65536	13	55
39	16384	42	43
3	65536	19
61	16384	62
26	65536	32	49
35	65536	38	39
56	65536	61
20	262144	26
16	16384	19	25	35	37	47
52	262144	56
49	16384	50
6	16384	16	29	31
47	65536	52
29	16384	36
50	262144	60
54	262144	56
46	16384	50
36	65536	40	47
53	262144	54
40	16384	48
45	65536	46
4	65536	18
60	65536	62
37	262144	40
14	262144	17
18	65536	20
2	262144	14	53
62	16384	
48	262144	52
8	16384	14
15	65536	18
51	65536	54
42	262144	48
10	262144	16
11	16384	15
44	262144	46	51
5	262144	12
41	65536	42
1	65536	15	21
21	262144	22
28	16384	30	41
22	16384	26
