node	size	children
38	16384	51	60	62
4	16384	17	46	64
71	16384	76
46	16384	49
40	262144	41
60	262144	61	70
49	65536	53
37	262144	43	46
69	262144	71
34	16384	37	74
27	16384	31	60
65	262144	69
36	16384	37
53	65536	55
31	65536	33
63	16384	65
1	16384	21	36	50
47	16384	53	70
21	16384	29	64
29	65536	31	32
45	65536	47
62	262144	63
20	262144	21	34
32	16384	35
54	16384	63
43	65536	45
35	65536	39	68
18	16384	20	38	68
64	262144	65
39	16384	43
17	262144	23
33	262144	35	44
28	16384	39	62
67	65536	69
16	262144	18
6	65536	18
44	262144	47
59	65536	67
12	65536	16
9	16384	15	28	56
15	16384	24	50	58
68	65536	73
55	16384	59
11	65536	16	30
5	16384	15
73	16384	75
66	65536	67
30	262144	33	54	58
24	16384	27	66
72	65536	73
0	65536	24	56
10	262144	22	30
58	262144	66
56	16384	57
75	16384	77
61	262144	71
22	16384	29	42	44
57	16384	59
70	65536	75
50	262144	61
19	65536	22	26	72
52	65536	57
77	16384	
7	262144	17	28
3	262144	19
42	16384	45
25	16384	27	52
76	16384	77
14	16384	19
13	65536	23
2	16384	20
8	16384	25	48
74	16384	76
26	262144	41
23	65536	25	40
48	262144	51	52
41	65536	49	54
51	65536	55
