node	size	children
48	262144	50
38	262144	42	61
4	65536	22
19	262144	28	51	59	63
24	16384	26	47
53	16384	54
37	16384	38	75
16	262144	19
56	262144	68
9	262144	24	29	37	49	53
75	262144	76
29	16384	30	73
5	65536	16	51
55	65536	56
51	65536	52
76	16384	80
11	65536	23	29
2	65536	17
68	16384	74
52	262144	57
80	262144	82
23	16384	25
8	16384	20
67	262144	68
49	16384	52
79	65536	80
1	262144	23	35	75
74	16384	76
35	262144	36	79
82	262144	
42	262144	48	49	67
36	262144	38
69	65536	74
81	16384	82
40	65536	42
30	65536	36	58
65	262144	69
72	262144	81
34	65536	40	73
60	262144	64	65
27	262144	30
26	65536	34	43
71	65536	72
25	16384	27	31	57
46	16384	60
14	262144	21
32	16384	34
63	16384	70	71
15	65536	25	33	55
45	65536	46
21	262144	26	61	65	67
31	262144	32
70	65536	72
58	65536	60
33	262144	44	77
57	16384	62
73	262144	78
3	16384	21	41
41	65536	48	55	71
44	65536	46
64	16384	66
78	16384	81
39	65536	40
18	16384	20	41	63
59	16384	64
43	65536	44
77	16384	78
12	262144	16
0	16384	18
17	262144	28	43	45
66	262144	70
54	65536	56	77
10	16384	19
6	65536	18
62	262144	66
13	16384	17
20	16384	22	59
50	16384	54
7	262144	27
61	16384	62
47	16384	50
28	262144	32	39
22	262144	24	47
