node	size	children
10	262144	15	28
12	262144	14
8	65536	10	20	34
2	262144	8	10
14	16384	23	28	36
3	65536	8
20	16384	21
23	65536	25
34	16384	35
25	65536	27
35	65536	38
22	262144	25	26	32
28	262144	35
26	262144	37
38	16384	39
37	65536	39
36	16384	38
33	262144	37
27	262144	29	36
32	16384	33
24	65536	27
31	65536	33
39	65536	
29	65536	31
13	262144	15
21	65536	29
30	65536	31
19	16384	21	30
18	65536	19
5	65536	7	13
7	65536	11
4	16384	11	18	24
6	262144	7	16	22
11	65536	17	18
16	262144	23	34
17	262144	19	20
0	262144	9	16
9	262144	12
15	16384	17
1	65536	9
