node	size	children
36	262144	40	49
80	65536	
29	16384	38
7	262144	23	69
49	16384	50	59
60	65536	68
69	262144	72
38	16384	40	49	73
50	16384	52
58	262144	60
61	65536	62	69
28	16384	38
78	65536	80
46	65536	50
57	16384	58
4	16384	22	30	61	63
21	65536	28
30	65536	32	71
15	262144	19	57
8	262144	21	35	47
44	16384	46
32	262144	34
35	262144	43
56	65536	58
37	65536	44
34	262144	36	37
43	65536	48	65
55	16384	56
42	16384	44
33	65536	34	61	67	75
48	262144	54
68	65536	74
39	262144	42
2	262144	17	33
47	16384	48
63	65536	68
67	16384	70
52	16384	54
6	16384	16	30	39
26	262144	28	47	55
70	65536	74
16	16384	20
41	16384	52
74	16384	76
22	65536	26	65
10	65536	16
65	262144	66
5	262144	24	41
66	16384	70
54	16384	62
18	16384	22	39	67
20	16384	29	35
64	65536	66
62	16384	64
0	65536	18	31
13	65536	25
53	65536	64	75
17	262144	20
31	65536	32	41	63
59	65536	60
9	262144	17	45
75	262144	79
25	262144	26	31
14	262144	21
45	16384	46	53
11	65536	18	59	71
79	65536	80
1	16384	25	77
27	16384	36	45
77	16384	78
71	262144	72
76	16384	79
24	262144	27	37	57
51	65536	56	77
72	262144	78
73	262144	76
19	16384	24	51
3	65536	23	51
40	262144	42	73
23	262144	27
12	262144	19	29	55
