node	size	children
67	16384	74
32	262144	34	37
56	65536	70
41	262144	42	65
74	65536	79
30	16384	32
65	262144	66
69	65536	70
73	262144	74
11	262144	23	49	67
23	16384	30	43
43	262144	44	65
79	262144	80
77	16384	78
16	16384	23	53	57
58	262144	62
44	65536	60
68	16384	79
70	65536	78
2	16384	16
60	65536	72
66	262144	68
4	262144	16
54	16384	58
53	262144	54
57	262144	60
51	262144	54
64	16384	66	77
9	65536	21	53
6	65536	19	51
63	16384	64
29	262144	34	47	57
19	65536	25
21	16384	25
8	65536	18	29
62	65536	64
18	262144	21
12	16384	19
34	262144	40
14	262144	18	39	41	45	51
61	16384	62	71
40	262144	46
25	65536	26
13	16384	28	33
39	16384	42	43
38	262144	40
26	262144	30	55
71	16384	72
28	16384	36	61	67
36	16384	38	39	69
3	16384	26
37	65536	38
72	262144	76
55	262144	58
33	262144	36
27	65536	28	49	61	75
46	262144	48
76	262144	82
10	262144	27	35	47
22	16384	24	29	33	37
45	16384	46
24	16384	27
75	65536	76
35	16384	44
0	16384	22	59
5	262144	24
47	65536	50	63
59	262144	68
82	262144	
1	65536	20	35
20	65536	22
15	65536	17
52	262144	55	59	71	73
80	65536	82
50	65536	52	56
49	262144	50
17	65536	20	63	75
48	65536	52
78	262144	80
7	65536	17	31	41
42	65536	48	69
31	16384	32
