node	size	children
30	262144	31	50
57	65536	
13	16384	15	24
31	262144	33	35
56	262144	57
9	16384	13	32
33	16384	39
32	16384	35
47	16384	56
39	16384	43
29	262144	32
46	16384	47
37	262144	39
26	65536	29
0	262144	19	46
41	65536	47
35	262144	37	42
15	16384	17	26	38	44
38	262144	41	54
42	262144	43
11	65536	15	24	26	40
4	65536	12	38
43	65536	45
6	16384	11
12	16384	14	18
7	65536	11
45	16384	49
24	16384	27
5	65536	12	20
20	262144	23
44	262144	45
27	65536	31
14	262144	16	36
49	65536	51	54
23	16384	27
10	262144	14
40	65536	49
22	16384	23	28
36	262144	41
51	262144	53
19	16384	22	42	48
54	16384	56
48	16384	51
17	65536	19
25	65536	29
53	65536	55
2	65536	17	34
34	16384	37
8	262144	21	52
52	16384	53
21	262144	25	30
28	262144	34
55	262144	57
18	262144	21	36	48
16	262144	25	28
50	16384	55
1	16384	13	18	20	22
3	16384	16	30
