node	size	children
33	65536	37	44
5	65536	19	42
12	262144	14	18
45	16384	49
31	16384	33	36
6	65536	12
40	65536	45
30	262144	31
3	262144	12	44
34	16384	35	40
44	65536	47
27	262144	29	30
23	65536	31	34	50
47	65536	55
25	65536	27	46
50	262144	53
46	65536	47
21	262144	25
53	16384	56
55	65536	57
20	65536	21	34
52	16384	53
54	16384	55
16	262144	20
2	65536	16	18	52
57	262144	
1	262144	16	20	28
18	65536	27
28	262144	41
56	262144	57
41	262144	45
26	16384	28	38
51	262144	56
37	16384	41
9	16384	11	26
48	16384	51
38	65536	39
36	16384	37
19	65536	21
49	65536	51
4	16384	14
39	262144	43
24	262144	25	30
43	65536	49
35	16384	39	48
42	65536	43
29	16384	35
7	65536	13	23
13	262144	17	24	38
0	65536	15	42
22	262144	29	46
15	65536	19
11	16384	13	36	48	50
17	262144	22
10	65536	15
8	262144	11	32	54
14	65536	17
32	262144	33
