node	size	children
4	16384	19
23	65536	28	37
64	262144	66
61	65536	64
9	65536	23
28	262144	31
63	262144	64
2	65536	28
31	16384	36
80	16384	86
15	16384	31	65	69
79	65536	80
86	262144	90
65	16384	68	83
90	262144	92
48	65536	54	65
82	262144	90
41	65536	48
36	262144	38	41	61
77	262144	82
92	16384	
34	65536	36	71
91	16384	92
30	262144	34	57
26	65536	30
89	262144	91
11	262144	26
7	262144	32	89
32	262144	42
18	65536	26	33	43
1	65536	22
8	65536	18
12	16384	18	35
35	262144	40	77
0	65536	20	35	67
20	65536	24	37	51	63	75
10	65536	20
24	16384	29	75
16	262144	24
29	65536	32	53	59
22	262144	29
21	65536	22	45
17	65536	21
5	16384	21	39
39	16384	46	61
46	65536	50
44	16384	46	55	79
43	65536	44	47
47	16384	52
52	262144	56	57
51	16384	52
56	65536	60
14	65536	19
55	65536	56
42	65536	44	55	87
19	262144	23	33	51
40	262144	42	59
38	16384	40
37	65536	38	85
85	262144	88
88	16384	91
87	65536	88
53	65536	58	87
25	65536	27	53
3	65536	25
13	262144	25	69
69	16384	70
70	262144	76
58	262144	70
54	262144	58
50	65536	54
49	65536	50
27	262144	30	49	71
6	65536	27	45
45	262144	48
71	65536	72
72	16384	74
68	16384	72
67	65536	68
74	262144	76
73	65536	74
33	262144	34	73
76	262144	78
78	65536	82
75	262144	78	81
81	65536	84
84	16384	86
83	16384	84
60	262144	62	83	89
59	262144	60
62	16384	66
57	262144	62
66	65536	80
