node	size	children
17	262144	21	34	40
40	16384	44
14	16384	17	25
36	262144	37
5	65536	11	14
25	262144	29
11	65536	18	36
7	262144	9	26	30
9	16384	15
29	65536	35
1	262144	11
3	65536	9	20	22	25
18	262144	23
20	262144	21	26
28	65536	29
23	65536	27	36
16	65536	20
13	16384	16	28
19	262144	23
2	65536	13
12	262144	13	16	22	42
27	262144	31
8	16384	10
10	16384	12
0	262144	12
21	16384	27
4	16384	10	32
32	16384	33
31	262144	33
22	65536	24	32
26	16384	31	42
24	16384	30
42	16384	43
30	16384	39
43	16384	45
39	16384	41
41	262144	43
37	65536	39
38	16384	41
35	16384	37
45	262144	
34	65536	35
44	65536	45
6	16384	15	19	34
33	65536	44
15	16384	17	38
