node	size	children
23	262144	25	32
52	262144	59
48	65536	49
57	16384	64
21	65536	23
42	262144	45	52
49	262144	51	58	62
50	16384	57
19	262144	21	24	42
18	262144	20	42
45	65536	49
5	262144	16
17	262144	19
2	16384	31
13	65536	18
44	262144	45
4	16384	13
12	16384	17	22	26
1	65536	18
9	262144	13	32	44
58	65536	61
25	65536	27	36	38
32	16384	33
22	65536	23	56
0	65536	17
61	65536	63
10	65536	19
7	16384	15	22	28	34
33	262144	35	44	46
59	16384	61
15	262144	21
31	65536	33
6	65536	15	36
56	262144	59
20	65536	31
36	262144	37
63	262144	65
16	16384	20
37	16384	39
60	16384	63
14	65536	16
35	262144	37	54
38	65536	39	60
8	16384	14	54
29	65536	35
54	262144	55
39	16384	43
28	262144	29	34	40
55	16384	57
43	16384	47
34	65536	41
53	16384	55
47	65536	53
41	262144	43
51	65536	53
46	262144	47
30	262144	41	50
40	262144	51
65	262144	
26	65536	27	30
24	16384	40	48
64	262144	65
3	65536	25	58
27	262144	29	52
11	262144	14	24
62	262144	64
