node	size	children
57	16384	60
62	16384	64
58	65536	62	73
56	16384	58	73
47	65536	56	67
5	16384	18	47
18	65536	27	59
8	262144	18	53	81
53	16384	54
54	65536	56	71
71	65536	72
72	16384	78
69	65536	72
78	65536	88
88	262144	91
87	65536	88
67	262144	70	87
70	65536	74
65	65536	70	87
74	262144	80
68	65536	74
61	16384	68
66	16384	68
64	262144	66
59	65536	64
80	65536	82
79	65536	80
82	16384	84
81	65536	82
84	262144	86
76	65536	84
73	262144	76
41	262144	46
36	16384	38	43	69
34	262144	36
24	65536	34
6	262144	24	33
33	262144	40	61
26	65536	32	33
19	16384	26	39	51	65
13	16384	19
16	65536	19
39	16384	44
44	65536	48	57
43	16384	44
7	16384	26	43
48	16384	50
46	16384	48	61	71
45	16384	46
32	16384	42	45	57
0	65536	22
42	262144	50
22	262144	28	75
40	65536	42
3	262144	22
50	65536	52	89
28	65536	31
52	262144	54	65
20	262144	28
49	65536	52
4	262144	20
12	65536	20	77
2	16384	23	49	85
23	16384	31
77	16384	78
38	65536	40	77
10	16384	23
37	65536	38
31	262144	34
85	16384	90
14	65536	25	35	37
25	16384	29	35
90	65536	92
89	16384	90
11	262144	25
92	16384	
29	262144	30
91	65536	92
21	16384	29
86	262144	91
9	16384	21
1	262144	21
83	16384	86
30	16384	32	37
75	16384	76	83
27	16384	30	59	79
17	65536	24	63	75
15	65536	27	55
63	65536	66	67
55	16384	58	69
51	65536	60	63
35	65536	36	41	55
60	16384	62
