node	size	children
5	65536	10
35	262144	38
36	65536	40
18	16384	24	35
32	262144	36	45
16	65536	18
29	16384	32
15	16384	18
12	65536	14	29
3	16384	13	28
0	65536	15
13	262144	16	17	21	25
1	16384	12	28	39
6	262144	15
28	16384	34
48	16384	50
8	262144	13	19
19	16384	20
34	262144	40
47	16384	48
14	262144	16	19	33
30	16384	34	41
50	16384	
11	65536	14
27	65536	30	37
49	16384	50
9	16384	11
37	16384	39
2	262144	11	25
46	65536	49
25	16384	26
39	65536	42	43
40	262144	46
26	16384	30	47
42	16384	44
45	262144	46
24	16384	26
41	262144	42
43	16384	49
22	16384	24	27	35
20	16384	22
31	16384	32	41
21	65536	22	23
4	65536	12	31
23	262144	27
44	16384	48
17	16384	20	23
38	65536	44
7	262144	10	17
33	262144	38
10	262144	36
