node	size	children
0	16384	16	47
49	262144	51
47	65536	50
32	16384	36
51	16384	52
50	262144	52
24	262144	32
52	16384	
45	16384	50
23	262144	24
43	16384	44
37	65536	38	45
2	262144	10	23	25	31
10	16384	12	37
22	65536	24
38	262144	40	43
5	65536	10
34	262144	38
18	262144	26
12	16384	14
40	65536	42
9	262144	12	21
21	65536	22	47
36	65536	40
19	16384	20	21
35	65536	36
6	262144	13	17	19
42	16384	46
13	65536	18	41
39	262144	42
1	65536	13	33	37
29	16384	30
33	16384	34
46	16384	48
8	16384	11	27
17	65536	20	33	49
11	262144	15
31	65536	46
20	262144	28	39
4	65536	11
48	65536	51
15	16384	18	23	29	35
28	16384	34	45
44	262144	48
7	262144	15	27
26	262144	28
27	16384	30	35
41	16384	44
25	65536	26
30	262144	32
14	16384	16	41	49
16	65536	22	25
3	262144	14
