node	size	children
28	262144	30	62
23	16384	28
19	65536	23	34
4	65536	19	44
44	65536	53
53	65536	57	80
49	16384	53	63	70
45	262144	49	58	76
43	262144	45
41	262144	43	60	66
37	65536	41
36	65536	37
10	16384	21	36	42
21	65536	27	40
11	65536	21	54	72
54	262144	55	72
14	65536	20	54	64
20	262144	23	40
7	65536	20	46
46	262144	47
47	65536	51	74
38	262144	47
33	16384	38	52	66
32	16384	33
26	262144	29	32	68
9	16384	26	48
48	65536	49
22	262144	26
6	16384	22	38
12	65536	22	56
2	16384	25
56	65536	62
25	65536	31
15	65536	28	36	56
24	65536	25	32
62	262144	67
17	16384	24
67	65536	75
13	16384	17	39	50
65	65536	67
39	262144	50	60
63	65536	65
31	65536	33	39
27	262144	29	63
30	16384	31
1	16384	27
42	262144	45
29	262144	35	68
0	262144	19
35	65536	41
3	65536	17
34	262144	35
16	262144	24	34
68	65536	69
69	16384	71
60	65536	69
71	262144	73	82
70	16384	71
73	65536	83
66	65536	73
83	65536	85
81	16384	83
80	262144	81
61	262144	64	80
59	65536	61
58	16384	59
57	16384	59
52	16384	57	82
8	16384	18	52
18	16384	37
5	65536	18	78
78	262144	79
79	16384	84
75	16384	79
74	262144	75
84	16384	85
82	262144	84
85	65536	
55	65536	61
51	262144	55
50	262144	51
64	65536	65
77	262144	81
76	262144	77
72	65536	77
40	262144	43
