node	size	children
1	262144	25
21	65536	28
11	16384	25	52	56	70
34	65536	35	74
52	262144	59
17	16384	21
38	65536	45
26	262144	29	60
59	262144	61
19	65536	21
55	65536	59	90
5	262144	26
15	262144	19	50
7	65536	26
60	65536	63
18	65536	19
51	262144	55	78
63	65536	67
45	16384	51
36	262144	37	46
61	65536	63
46	65536	47	72	86
43	16384	45
48	16384	51
42	16384	43
72	16384	75
75	262144	79	82
31	16384	43
9	262144	31	58
74	65536	75
30	16384	31	40
12	262144	22	74	88
27	16384	30	56
88	65536	89
10	65536	27
82	262144	85	88
56	16384	57
85	65536	89
57	65536	61
83	262144	85	86
53	262144	57
79	65536	83
50	16384	53	54
78	262144	79
35	65536	39	50
81	65536	83
22	16384	35	68
80	262144	81
6	16384	22	40	44	80
40	16384	41
77	16384	81	90
41	65536	53
76	262144	77
33	262144	41	84
90	16384	93
13	16384	33	44	48
93	262144	95
91	16384	93
44	262144	49
49	16384	55
87	65536	91
2	16384	20	76
20	16384	24	38	48	80
47	262144	49
86	262144	87
8	16384	20
39	16384	47
73	262144	87	92
24	262144	27	34	36	62
68	65536	73
37	16384	39
62	262144	68
29	262144	37
3	16384	24	66
66	262144	69
4	65536	29	54
71	65536	73
54	262144	65
69	262144	77
70	262144	71
65	16384	71
67	16384	69
92	65536	94
58	16384	67
64	16384	65	72
94	65536	95
32	16384	33	42	58
14	65536	23	64	82
84	65536	94
23	65536	28	62
16	65536	32
95	262144	
0	262144	23
25	262144	32
89	262144	91
28	65536	30	36	38
