node	size	children
58	16384	59
19	65536	21	38
33	262144	51
64	16384	65
5	16384	19
32	16384	33	34
12	65536	16	56
21	16384	23	52	58
60	65536	64
26	65536	32
16	262144	18
3	65536	21
65	65536	
23	65536	29
6	16384	26
0	262144	16	56	58
38	16384	45
34	65536	35
56	262144	57
63	262144	65
17	65536	23	24	28
35	262144	37
57	262144	61
15	16384	17	36	42
61	65536	63
53	65536	57
37	16384	39
54	65536	61
8	16384	15	48
36	16384	37	46
43	16384	53
62	262144	63
48	262144	49	50
41	262144	43
46	65536	47
42	65536	43
49	65536	55
40	262144	41	54
4	65536	14	46
47	65536	49
14	262144	17
2	262144	13	40
45	65536	47
13	65536	19	54	62
9	65536	14
39	65536	41
44	16384	45
11	262144	13	30
28	16384	39
24	262144	27	44
30	65536	31	36	48
51	262144	53
27	65536	29	52
1	16384	18	22	26	30	62
18	65536	20	60
50	16384	51
25	16384	27
20	16384	25	34
52	262144	55
22	16384	25
10	16384	20	38
55	262144	59
7	16384	15	22
29	16384	31
59	65536	64
31	262144	33
