node	size	children
49	65536	50
38	65536	40
3	65536	12	17	21	31
45	16384	49
29	65536	38
17	65536	22
44	65536	49
18	16384	20	29
22	65536	26	39
42	65536	44
2	65536	18
20	65536	22	45
16	65536	18	19	31	47
40	65536	42
19	262144	20
11	65536	16	43
39	65536	40
14	262144	16	19	21	45
0	262144	11	23
41	16384	42
23	262144	28
4	16384	14	25
25	262144	30
43	16384	44
28	65536	32
6	65536	11
30	65536	36
26	262144	28
27	262144	30	35
7	262144	10
32	65536	34
50	262144	
8	65536	13
9	16384	15	23	27	47
31	262144	32
15	16384	24	43
34	262144	46
13	65536	15
46	16384	48
10	65536	13
36	262144	46
1	262144	10	33
33	16384	34
35	65536	36
24	16384	26	33
48	65536	50
21	262144	24	37
47	262144	48
37	262144	38	41
5	16384	12
12	65536	14	25	41
