node	size	children
13	262144	17	57
25	16384	26
37	16384	38
57	65536	58
11	262144	13	23	49
10	16384	17	25
34	262144	38	53
23	65536	28	37
26	262144	30	33
53	262144	60
28	65536	44
24	65536	26
60	262144	62
21	65536	28
22	262144	24	39
58	262144	60
16	262144	21
39	65536	42	43
56	16384	58
0	262144	16	49
5	262144	14	39
49	262144	52
4	16384	19	25	34	37
14	65536	24
54	65536	56
52	16384	61
7	262144	14
46	262144	54
42	16384	48
51	262144	52
43	262144	46	59
40	65536	42
45	16384	46	51
59	16384	61
36	16384	40
8	16384	15	45	47
15	16384	16	57
9	65536	19	59
35	16384	36
61	16384	62
2	16384	15	27
1	16384	13	35
27	65536	32
62	65536	64
33	262144	36
64	65536	
32	16384	40	45	47
30	65536	33
3	65536	12	29
31	16384	32	43	55
55	65536	64
12	65536	18	27	31
29	262144	30
50	262144	54
20	16384	22	31	41
48	65536	56
6	16384	12
18	65536	20
41	262144	50
19	16384	20	22
44	262144	48
17	262144	18
47	262144	50
38	65536	44
