node	size	children
36	262144	37
40	65536	41
33	65536	35
30	262144	31
41	262144	46
31	262144	33
39	262144	41
25	16384	31
38	65536	39
24	16384	25
18	65536	26	30	38	43
15	65536	17	24
5	65536	10	28	36
3	16384	15	18	20
11	262144	15	24
20	16384	21
8	262144	11	32
21	262144	25	44
32	65536	42
44	65536	45
42	65536	45
45	16384	49
2	262144	12	36	42
12	65536	19
49	65536	
6	16384	12
47	16384	49
19	16384	21	27
7	16384	13	20	30
46	262144	47
14	16384	19	26
13	16384	16	32
34	65536	46
4	16384	10	14	16	38
9	262144	13
16	65536	17	43
43	262144	47
0	262144	9
1	262144	9	22
17	16384	23	34	40
22	262144	23	28
26	16384	35
23	65536	29
35	262144	37
10	65536	11	22
29	65536	40
37	262144	39
28	65536	33
27	262144	29
