node	size	children
30	16384	36	51	61	67
40	262144	46	75
65	65536	66
67	65536	68
15	65536	16
37	65536	40	63
24	262144	30
41	65536	52
38	65536	40
62	16384	68
16	65536	23	41
11	65536	24	55	57
36	262144	38	53	59
61	262144	62
49	262144	50
14	16384	16
55	262144	56
35	262144	36
59	65536	62
23	262144	25
12	65536	19	49
56	16384	60	71
53	16384	58
78	16384	80
1	16384	23
52	65536	56
25	262144	26
58	16384	70
77	16384	78
8	16384	17
4	65536	20
50	16384	52
51	16384	58
19	262144	25
80	65536	
17	65536	19	43	77
70	262144	74
47	16384	50	65
79	262144	80
9	16384	17	31
63	65536	70
44	16384	47
76	16384	79
31	16384	34	35	37
74	262144	76
43	65536	44
27	65536	31	48
73	65536	76
69	16384	74
13	65536	18	43
20	16384	27	47	63
39	65536	42	48	73
66	16384	69	77
18	16384	24	33
42	65536	44
10	262144	20	29
64	262144	66
0	16384	18
29	262144	32	51
34	16384	42
33	16384	38
60	16384	64
48	65536	54
32	262144	34
5	65536	21	33	45	65
57	65536	60	71
54	65536	64
21	16384	22	41	59
2	65536	28	32
28	16384	30	35	39	45	61
71	262144	72
46	65536	54
3	65536	21
22	16384	27	37
26	262144	28
72	16384	78
45	65536	46
68	262144	72
7	262144	22
6	16384	26
75	16384	79
