node	size	children
14	65536	19	37
5	16384	11	13	32
11	65536	18
12	262144	14
9	16384	11
0	16384	12	27
6	16384	9	17	23
27	262144	28
33	262144	35
17	16384	20	25	37
28	262144	34
20	65536	26	32
34	16384	36
18	16384	20
31	262144	34
16	16384	18
29	65536	31	39
3	262144	9	16
1	262144	8	29
26	262144	28
39	65536	40
25	65536	26
40	262144	42
2	16384	10	25
42	65536	
10	65536	12
41	16384	42
8	262144	10
4	16384	8	13	23
36	16384	41
23	65536	24
32	16384	36
24	16384	30
38	16384	41
21	65536	24
37	65536	38
30	16384	40
7	262144	15
15	65536	22	33
35	262144	38
22	65536	30
13	65536	14	15	21	39
19	262144	22	35
