node	size	children
16	65536	17	24	27
28	16384	29
5	16384	7	16
7	262144	13	14	24
22	16384	23
1	262144	7	30
30	16384	31
23	16384	25
11	65536	13	30
20	262144	23
6	65536	11	18
25	65536	33
18	262144	21
24	16384	25
21	262144	26	28
33	262144	35
19	65536	21
32	65536	33
14	262144	19	27	32
35	16384	
27	16384	31
31	262144	34
34	65536	35
29	262144	34
26	65536	29
0	65536	8	16	22	26
8	16384	11
4	65536	9	14	32
2	262144	8	12
9	16384	19
12	65536	15
3	65536	9	10	18	20
10	262144	17
15	262144	28
17	262144	20
13	262144	15
