node	size	children
24	262144	26
59	262144	60
6	262144	19
17	262144	19
22	65536	24	25
38	16384	59
7	262144	17
18	16384	22	49
36	262144	38
15	65536	17
5	262144	18
31	16384	38
11	65536	15	37	51
49	65536	50
60	262144	
51	16384	54
43	16384	44	49
29	65536	32	51
58	65536	60
44	65536	48
32	262144	34	43	45
57	65536	58
41	262144	44
34	16384	36
56	262144	58
48	262144	50
33	262144	34	55
53	262144	56
47	16384	48
16	65536	20	33
55	65536	56
9	65536	12	35	39
20	262144	24	47
12	16384	18	25
25	65536	26
14	16384	16	31	47
50	65536	52
3	262144	12	39	43
8	262144	14
4	65536	16	33
39	16384	40
0	65536	14	28	41
52	16384	54	57
28	16384	30
40	16384	42
46	16384	52
13	16384	27	28
42	16384	46
37	262144	40
19	65536	20	21
1	262144	13
35	16384	42
27	262144	32	37
10	16384	13
23	16384	27
30	262144	36
45	16384	46
21	16384	22	23	29	41
26	65536	30	53
2	262144	15	45
54	16384	59
