node	size	children
27	16384	29
20	16384	21	32
16	16384	27
21	65536	25
34	65536	35
25	16384	31
24	262144	25
31	262144	33
6	262144	15	24
26	16384	31	32
15	16384	17	22
3	65536	8	26
14	16384	15	20
32	65536	33
1	262144	7	14
33	262144	36
7	65536	11
36	16384	37
0	262144	7	10	16
10	65536	16	30
30	65536	36
8	262144	9	10	19
37	65536	
4	16384	8	12	26
12	262144	18
35	262144	37
18	262144	21
29	16384	35
13	65536	17	18	34
28	65536	29
2	262144	13
19	16384	23	28
11	16384	13
23	65536	27
9	65536	11
5	16384	9
22	262144	23
17	262144	20	24
