node	size	children
51	65536	52
41	262144	48
70	65536	74
3	65536	18	46
54	16384	56
33	262144	38	41	61
18	65536	26
80	16384	
49	65536	54
2	16384	22	33
0	16384	18
79	65536	80
26	16384	28	35
22	16384	30
40	16384	45	49
77	65536	79
14	262144	22
32	16384	40	45	59
35	262144	36
55	16384	58
30	65536	34	71	77
27	262144	32
36	262144	42	73
1	65536	21
53	65536	55
28	65536	30	43
23	262144	27
21	262144	27
34	16384	36
57	16384	60
65	262144	68
24	16384	28
4	262144	23	75
5	262144	21	29
29	65536	34	37
39	16384	40	57
68	65536	78
15	65536	24
75	65536	76
76	65536	79
13	262144	16
66	16384	68
17	16384	25	31
10	262144	24	43	71
7	65536	17	29
73	262144	76
6	65536	19
43	65536	44
62	262144	66
8	16384	17
25	16384	26	51
60	16384	62	73
44	65536	50
61	16384	66
58	65536	60
19	65536	25	39
42	16384	44	49
78	262144	80
56	262144	58
16	16384	19	53
74	65536	78
38	65536	42	47	53
45	16384	56	64
12	16384	16	69
72	65536	74
52	16384	54
37	262144	38
64	16384	67
69	262144	70
71	262144	72
47	16384	50
67	65536	70
9	65536	20	64	69
63	16384	72
20	16384	23	35
50	65536	52
48	65536	62	67
59	65536	63
11	16384	20	41	46	47	55
46	262144	48	65
31	65536	32	63
