node	size	children
6	16384	7	23
23	16384	25
19	65536	21	26
12	16384	15	23	24	30	34
26	262144	31
15	262144	19
31	16384	33
13	262144	15	20	32
27	16384	31
11	262144	13	16	20
25	262144	27
4	65536	11
2	65536	11
20	262144	27
16	16384	17	18	28
33	16384	36
17	16384	22
32	16384	33
14	16384	17
30	262144	32
22	262144	29
18	16384	21
29	262144	35
5	65536	7
24	262144	29
35	262144	37
28	16384	35
3	262144	10
37	16384	
10	65536	19
36	16384	37
0	16384	8	10
8	65536	9
34	262144	36
1	65536	8
9	262144	13	14	26
21	65536	25	34
7	16384	9	12	30
