node	size	children
40	16384	41
26	262144	27
23	262144	29	34
49	262144	51
7	16384	13	26
29	16384	31
47	262144	49	52
13	65536	16	54
4	262144	13	24	32
45	262144	47
28	65536	29	42
24	65536	25
42	65536	43
44	16384	45
14	16384	16	24	28
43	16384	49
25	262144	27	44	50
3	16384	14	18
18	262144	23	34	52
27	65536	39
10	65536	12	26
30	65536	43
2	16384	18	20
39	16384	45
34	262144	35
20	65536	21
50	16384	55
37	262144	39
21	16384	25
55	16384	57
35	16384	37
15	16384	21	28	32
52	65536	55
33	65536	35
8	16384	15
57	16384	
11	65536	15	46
32	65536	33	36
56	65536	57
36	16384	37
6	65536	11
5	65536	11	48
54	65536	56
48	16384	53
31	65536	33
53	16384	56
22	65536	31
46	262144	47
51	262144	53
16	65536	17	22
0	16384	12	22
41	65536	51
17	65536	19	30
12	65536	19	38	54
38	65536	41
9	16384	17
19	262144	23
1	262144	14	38	40
