node	size	children
17	16384	19
33	65536	38	47
31	16384	34
41	262144	42	51
11	262144	17
34	65536	40
38	16384	40
51	262144	52
6	262144	16
37	16384	38
32	16384	34	35	55
28	65536	30
52	262144	54
40	262144	42
35	262144	36
27	16384	28
49	262144	52
36	16384	50	59
66	16384	68
54	65536	62
68	65536	71
30	65536	36
50	262144	54
58	65536	68
22	262144	30	45
62	65536	64
57	16384	58
16	65536	22
60	262144	62
9	65536	21	35
13	16384	16	65
12	262144	18	57
21	16384	22
59	262144	60
65	262144	66
55	65536	58
2	16384	21	25	31	37
25	262144	26	43
56	262144	60
71	65536	72
20	16384	23	33	65
26	16384	32	33	39
53	16384	56	57
64	262144	71
15	262144	20
39	65536	48	53
5	16384	26	29
61	16384	64
8	262144	15
29	16384	32	41	51
7	65536	15
1	262144	14	39
72	262144	
19	16384	20	69
14	262144	17	37	55
10	65536	24	27	29
4	262144	19	45	47
70	16384	72
0	16384	14	63
24	16384	28	67
45	262144	46
63	65536	66
69	262144	70
23	16384	24	49
46	16384	50	53
48	65536	56	63
67	262144	70
18	65536	23	69
44	65536	46	61
47	16384	48
43	16384	44	67
3	262144	18	31
42	16384	44
