node	size	children
30	262144	32
41	16384	42	63
5	65536	19	59
69	65536	70
59	262144	60	77
29	16384	30
63	65536	68
76	65536	78
60	16384	62	75
12	16384	17	29	37	67
68	262144	72	77
73	65536	76
34	65536	60
19	262144	22	57
17	16384	21
72	16384	79
78	65536	80
23	262144	27	34
8	16384	17	65
67	16384	72
74	65536	78
0	262144	23
65	262144	68
79	262144	82
3	262144	23
64	16384	74
27	262144	29	33	53
56	65536	65
75	262144	79
52	16384	56	73
33	65536	36
62	65536	64
82	16384	
48	16384	52	69	73
28	65536	33	63
61	16384	62
80	262144	82
47	262144	48	61
1	16384	16
54	262144	56	61
22	16384	28	35
16	16384	21	47
77	16384	80
51	65536	54
25	65536	27	31	41	47
18	65536	22
44	65536	48
2	262144	16	43
14	16384	25
43	262144	44	45	67
11	262144	18
53	16384	54
40	262144	46
21	16384	25	49	66
13	262144	18
7	65536	20	35	43
58	65536	64
39	16384	40
20	16384	26	41	71
57	16384	58
35	262144	36
49	262144	50
37	16384	39
4	65536	20
55	65536	58
36	262144	38
26	65536	28	55
50	65536	52
71	262144	74
38	65536	40
24	65536	26	30
46	65536	50
32	16384	42	71
15	16384	24
6	16384	38	66
45	262144	46	51
66	65536	70
31	262144	32
10	262144	24
9	16384	19	39	45
70	262144	76
42	65536	44
