node	size	children
2	65536	13
48	65536	50	53
33	16384	44
0	16384	13
20	16384	22	31	53
45	16384	48
51	262144	54
19	262144	20	37	47
50	16384	52
30	16384	32	51
4	262144	19	27	29	45
49	65536	50
27	262144	34
56	65536	58
37	262144	38	49
34	65536	40	43
55	262144	56
38	65536	56
28	65536	34	57
53	65536	55
32	65536	38
23	16384	28
62	65536	
29	65536	32
26	16384	28
60	65536	62
25	65536	29	55	59
46	262144	60
1	16384	26	39
39	65536	40	57
5	16384	14	25	33
43	65536	46
14	65536	18
40	16384	42
36	262144	46
6	16384	14
42	16384	44
18	65536	24	33
31	65536	36
41	65536	42
3	262144	18	59
35	65536	36
59	262144	61
7	262144	17	41
17	16384	19	21
21	65536	22	35
61	262144	62
10	65536	16	21	25
52	16384	54
22	262144	24
12	16384	17	43
16	262144	20	23	30
58	16384	61
24	65536	26	35
9	16384	12
15	262144	16
11	65536	12	47
54	65536	58
57	262144	60
8	16384	15
47	262144	48
13	16384	15
44	16384	52
