node	size	children
62	262144	63
38	16384	42
15	16384	17	46
30	262144	31	36	42
60	16384	62
28	65536	29
0	262144	17
9	16384	15
36	65536	37
53	262144	60
1	65536	15
22	16384	33
46	65536	47	50	60
37	262144	39
52	16384	53
26	262144	46
34	262144	37
6	262144	14
48	16384	51	52
3	16384	21
16	262144	18	26	40
32	262144	34	43
10	16384	16	48
11	16384	23
5	65536	16	24
29	65536	32
24	16384	27	38
51	262144	59
19	262144	29	54
27	16384	31
50	262144	51
13	16384	19
25	262144	27	44
59	16384	63
2	262144	13
58	65536	59
23	16384	25	28
8	65536	13
4	16384	19
21	65536	23
63	262144	65
54	16384	55
20	65536	21	30
65	262144	
55	65536	57
18	65536	20
61	65536	65
45	65536	55
12	65536	18
49	65536	53
41	262144	45
47	65536	49
14	65536	20	22	34
39	65536	41
7	65536	14	35	40	43
44	262144	47
40	65536	41	56
35	16384	39
43	65536	49
56	16384	57	61
33	262144	35	54
42	16384	45
57	65536	62
31	262144	33	36	58
17	65536	25	32	52
