node	size	children
6	262144	15	22	27	30	34
1	262144	18	26	28
38	65536	39	56
65	16384	67
27	65536	29
18	16384	25	48
21	262144	23	38	60
64	65536	65
29	65536	31
16	16384	18
9	65536	21
31	16384	33	64
28	262144	29
14	16384	16
56	262144	57
36	262144	39
4	16384	14	36
30	16384	31
5	16384	14	24
12	65536	20	42
52	65536	53	56
24	65536	37
26	262144	30
49	16384	51	52
10	16384	13
37	262144	45
33	65536	35
48	262144	49
32	16384	37
25	262144	33	38
43	16384	49
45	262144	55
23	16384	25	64
51	16384	53
40	16384	45
17	262144	23
53	16384	66
13	16384	16	40	44
8	16384	17
66	262144	67
11	16384	17	62
7	262144	13	58
55	262144	59
63	262144	66
62	65536	63
58	65536	65
47	65536	51	58
61	262144	63
60	16384	61	62
46	65536	47
59	16384	61
54	16384	55	60
0	65536	15
42	262144	43	46
57	65536	59
35	262144	41	54
50	65536	57
3	65536	19	27
22	65536	26	42	52
34	16384	35
19	16384	21	32
44	262144	47	50
41	65536	43
20	16384	22
2	262144	19	28	40	44
15	262144	20
39	262144	41
67	65536	
