node	size	children
45	262144	51	56
41	16384	61
55	65536	57
43	16384	45
39	262144	41
52	65536	55
37	262144	43
38	262144	39
1	262144	18	30	34	52
31	65536	37
30	65536	31
29	262144	35	38	48
34	16384	35
25	16384	31
8	65536	29	62
62	16384	63
35	262144	37
21	65536	25
63	16384	65
20	16384	25
3	16384	17	60
57	16384	59
65	262144	
11	262144	20
17	65536	21
48	262144	49
64	65536	65
15	65536	17
18	65536	20	44	52
61	262144	64
59	65536	64
4	65536	15
14	262144	18	34
9	16384	15	58
60	262144	61
58	65536	63
0	16384	14	24	36	40	44
53	65536	59
24	262144	27
36	16384	39
32	65536	33	58
42	262144	47	54
50	65536	53
27	16384	29	42	46
40	16384	43
13	16384	19	32	40
51	65536	53
23	65536	27
12	262144	14
10	65536	13
49	16384	51
19	262144	23	30
7	16384	13	22
47	262144	49
22	16384	23
2	16384	19	26	36	48	50
46	65536	47
26	262144	28
5	65536	16	22
44	16384	45	46
28	16384	33
16	65536	21
6	65536	16	56
33	65536	41
56	65536	57	62
54	65536	55
