node	size	children
84	16384	91
39	262144	51	52	54
92	65536	93
35	16384	39	66
81	16384	83	86
55	65536	57
23	262144	35
75	16384	81	94
49	65536	55
8	262144	23
69	16384	75
14	16384	23	36
48	262144	49
66	65536	69	84
36	65536	37
1	65536	25
74	65536	75
64	262144	66
51	262144	55
38	65536	40	64
50	65536	51	62
33	262144	35	38
62	262144	63
32	16384	33	34	36
63	262144	65
25	65536	32	68
65	65536	73
17	65536	25	46	67
56	16384	65	90
46	16384	47	70
24	16384	32	56	88
47	65536	53
16	16384	24	44
43	16384	47	50
44	65536	45
37	16384	43	68	94
13	16384	24
34	65536	37
88	65536	90
4	262144	21	34
21	262144	30
82	16384	85	88
85	262144	87
12	262144	21
30	262144	31
72	262144	85
15	16384	30	40
87	65536	89
40	16384	41
86	65536	87
2	65536	19
41	65536	43	62
19	262144	22
89	65536	96
28	16384	41	67
9	65536	19	76
96	65536	97
76	262144	77
26	16384	28	64
90	65536	96
45	262144	49	74	76
97	262144	
11	65536	26
42	65536	45	72
20	262144	26
95	262144	97
0	16384	27	42	92
27	16384	29
10	262144	20
94	16384	95
93	262144	95
6	16384	20
5	16384	27
18	262144	28
29	262144	33	52	80
91	262144	93
3	65536	29	60
67	16384	79
60	16384	61
83	65536	91
79	16384	89
77	16384	83
61	262144	69
78	262144	79
57	262144	61	82
73	262144	77
58	16384	59	78
54	16384	57
71	16384	73
59	65536	63	82
68	65536	71
31	65536	39	54	58
53	262144	59
22	16384	31	48	58	74
70	262144	71
52	16384	53
7	262144	22	80
80	16384	81
