node	size	children
49	65536	51
14	16384	17
21	16384	24	42	54	66
42	65536	57
8	16384	17	64
47	65536	49	60
19	16384	21
64	262144	65
3	262144	19	42
46	262144	47
50	262144	51
12	65536	19	26	30	32	36	44
65	65536	69
41	16384	47
11	262144	24	50
26	262144	33	72
62	16384	65
60	65536	61
54	262144	55
72	262144	74
39	16384	41	62
56	65536	60
67	262144	71	72
75	16384	
31	262144	39	52
40	262144	45	56
63	262144	67
74	16384	75
23	262144	31	48
45	65536	53
68	262144	74
59	262144	63
22	262144	23
43	16384	45
58	16384	59
6	16384	27	68
13	262144	22
66	16384	67
36	262144	43	44
51	65536	55
30	65536	35	58
4	262144	22	34
5	65536	21
34	65536	37	38
44	16384	49
35	65536	41
38	16384	39
53	65536	59
7	16384	15	34
32	16384	35	70
15	65536	20
25	262144	31
48	16384	53
70	262144	71
2	65536	15
10	16384	16	48	56
37	16384	43
9	16384	18
71	262144	73
18	262144	25	26
33	16384	37
16	262144	23
73	65536	75
0	262144	18	28	30	54
1	65536	16
29	16384	33	38	66
69	16384	73
28	65536	29
61	16384	63
27	65536	29
20	16384	25	28	40
55	262144	69
57	16384	61
24	262144	27	68	70
17	262144	20	46
52	262144	57
