node	size	children
53	65536	57
3	16384	14
12	16384	14
55	16384	61
49	16384	53
51	262144	55	64
31	262144	33
37	16384	49
28	16384	31	40
50	65536	51
36	16384	37
8	262144	20	50
40	16384	41
34	65536	37
64	16384	65
41	16384	43	44	58
48	262144	49
65	16384	67
39	65536	41	42	54
44	65536	53
63	262144	65
33	16384	39
4	262144	13
59	262144	61
62	65536	63
13	262144	16	36
32	16384	33
56	16384	59
27	16384	35	62
5	262144	13
25	65536	32	38	44
9	16384	19	56	64
16	65536	21	26
35	262144	45
19	16384	27
17	65536	25
2	16384	16	22
30	262144	35
18	262144	19	46	52	62
22	65536	23
6	65536	17
58	16384	63
1	262144	17
11	65536	18	32
23	16384	25
38	16384	39
67	65536	
21	262144	23	28
46	16384	47	56	60
24	16384	27	38	42
66	16384	67
20	262144	21
47	262144	51
7	262144	15	24	30	34	48
60	65536	66
15	16384	18
45	16384	47
0	16384	20	26
26	262144	29
10	262144	15	54
61	65536	66
43	262144	45
29	65536	31	58
54	65536	57
42	16384	43	52
14	262144	29
57	16384	59
52	262144	55
