node	size	children
14	16384	17	69
17	65536	21	31
1	16384	17
21	16384	28	31
5	65536	21	75
75	16384	83
35	262144	36	75
16	16384	27	35	53	59
8	65536	16	33
33	16384	46	49
46	65536	48	77
45	16384	46	65	71
7	16384	18	29	39	43	45
18	65536	23
2	262144	18	55
55	16384	60
34	262144	40	55	73
32	16384	34	43	53
31	16384	32
30	16384	32
29	65536	30	37
13	16384	19	29
19	262144	22
6	16384	19	49	51	59
49	65536	52
52	262144	54
51	262144	52
4	16384	20	47	51	63
20	65536	30
11	262144	20
43	262144	44	69
47	262144	50
70	16384	72
0	262144	23	47
68	65536	70
23	16384	24	57
65	65536	68
24	16384	27
66	262144	68
10	262144	24
64	262144	66
27	65536	34
60	65536	64
57	65536	58
59	65536	60
58	65536	62
54	65536	64
56	65536	58	61	67
53	262144	54
50	262144	56
62	262144	66
48	65536	50
61	16384	62
44	262144	48	79
63	65536	70
42	65536	44
3	65536	16	63
38	65536	42
79	65536	80
78	262144	82
37	16384	38
73	262144	78
36	262144	38	41
77	262144	78
28	16384	36	39
26	262144	28
15	16384	26
25	262144	26
9	16384	25
22	262144	25	81
12	262144	22
81	262144	83
41	65536	42	81
83	262144	84
84	65536	
82	262144	84
80	65536	82
76	16384	80
67	262144	76
40	65536	56	67
39	262144	40
74	65536	76
71	262144	74
72	16384	74
69	65536	72
