node	size	children
17	262144	18
46	65536	48
40	262144	42
51	262144	52
38	65536	46
35	262144	40
52	65536	54
30	16384	38
15	262144	30	35
50	65536	52
36	16384	38
4	65536	15	31
47	262144	50
34	16384	36
31	65536	32
33	65536	34	37	47
45	262144	46
32	16384	34
29	262144	30	33	49
28	16384	32
54	65536	
20	65536	22	29	43
24	65536	28
49	65536	50
16	65536	20
27	16384	28
23	262144	24	25	41
43	262144	44	45
21	262144	24
9	262144	13	23
13	65536	16
10	16384	15	43
2	16384	13	19	21
0	65536	10
19	262144	20
3	16384	10
8	65536	11	39
44	65536	53
12	262144	18	19	27
42	262144	44
1	262144	12
6	65536	12	25
5	65536	14	17	27	31	33
41	262144	42
25	16384	26	51
14	65536	16	23	35
53	262144	54
26	65536	36
11	16384	14
48	65536	53
22	16384	26
7	65536	11
37	65536	48
18	65536	22	51
39	65536	40
