node	size	children
44	65536	45
43	16384	45
42	16384	44
39	16384	43
25	65536	27	32	42
38	65536	39
23	262144	25
37	16384	39
19	16384	23
31	65536	37
1	262144	19	21
30	65536	31
21	65536	23
33	262144	37
24	262144	25
8	65536	9	22	30
32	16384	33
9	65536	12
22	262144	24
0	65536	9
12	262144	14	16
16	262144	33
2	16384	11	14	22	40
11	262144	17	38
45	262144	
10	16384	12	16	26	40
5	16384	11	34
3	65536	10	18	38
14	65536	15
34	16384	35
18	16384	19
35	262144	41
15	262144	17	18
6	65536	13
27	65536	35	42
13	16384	15
20	262144	27
4	65536	13	28
28	16384	29
7	65536	10	20
17	262144	20
29	16384	31
41	262144	43
26	16384	29	36
40	16384	41
36	65536	44
