node	size	children
19	16384	21	33
42	16384	44
41	262144	48	57	65
12	262144	15	37	39	59
38	65536	42
3	262144	19
57	16384	58
37	16384	42	47
10	65536	19	49
47	16384	48
7	65536	20	29	37	63
58	262144	69
49	262144	50
20	65536	22	25	33	53
53	262144	54
46	16384	58
5	262144	15	49
18	65536	20
50	65536	52
29	65536	36
45	65536	46	61
17	262144	18
40	65536	50
61	16384	64
11	65536	17
13	65536	17	27	51
34	65536	40
64	262144	66
8	65536	18
27	65536	32
33	16384	34
63	262144	64
32	16384	34	38	39
36	16384	40
66	65536	69
1	65536	23
31	65536	32	38
35	262144	36	43	67
65	16384	66
0	16384	16	29	31	41	63
43	65536	56
16	262144	22
69	16384	70
15	262144	23	27
56	65536	60
70	65536	
2	262144	16
22	65536	30
55	16384	56
68	262144	70
30	65536	35
51	262144	55
4	16384	14
62	65536	68
14	16384	24
28	16384	30
60	262144	62
21	65536	28	43
59	262144	62
9	262144	14
26	16384	28
54	16384	60
24	262144	26
67	16384	68
25	262144	26
52	16384	54
23	262144	24
44	16384	46
6	65536	21	25	45	51
48	262144	52
39	65536	44
