node	size	children
45	65536	48
18	16384	20	39
33	65536	36
36	65536	46
5	16384	15	19	21	25	29	33	45
1	65536	18
19	65536	20	33
39	16384	40
15	65536	16	17	19
43	65536	46
30	16384	34	39
13	65536	15
4	16384	10
23	65536	30
9	262144	13
16	262144	18	23	29
29	16384	30
14	262144	16	17
40	65536	44
10	16384	14
44	65536	50
0	65536	10	35
35	65536	38
42	262144	44
38	65536	40
41	16384	42
37	262144	38
2	262144	12	25
3	65536	14	41
24	65536	42
12	65536	24
26	16384	28	37	43
8	65536	12	49
50	262144	52
22	65536	26
49	16384	51
48	16384	50
21	262144	22
34	262144	36	49
47	262144	48
17	16384	22
32	16384	34
52	16384	
25	16384	26
31	262144	32	47
51	262144	52
28	16384	32	37
7	65536	11	31
46	262144	51
11	262144	13
27	262144	28
6	16384	11	45
20	16384	24	27
