node	size	children
9	16384	13
13	262144	14
0	65536	20	27	35	55
2	65536	18
48	65536	54
20	65536	26
10	16384	13	31	45
45	65536	48	49
5	65536	17
26	16384	32	47
31	16384	36	39	41
25	16384	28
49	16384	52
32	262144	36
17	65536	19	29	31
52	262144	59
36	65536	40	49
1	65536	17	23	27
50	65536	52
40	262144	42
23	16384	26	37
55	16384	56
47	262144	50
39	65536	40
14	65536	16	23
7	16384	14
43	16384	50
15	65536	18	25	39
16	262144	20
41	65536	43	57
12	16384	15	21	25
11	262144	16	29
57	65536	59
6	65536	12	33
29	262144	30	44
33	262144	34	53
59	262144	60
30	262144	32
34	262144	42
60	262144	
28	262144	30	37	41
27	65536	34
58	16384	60
24	65536	28	45	51	57
42	16384	44
54	262144	58
22	262144	24	43
44	262144	46
53	65536	54
19	65536	22
46	16384	48
4	262144	12
3	16384	19	51
21	65536	22	55
38	262144	46
51	16384	56
8	16384	15	21
35	65536	38
56	16384	58
37	262144	38
18	262144	24
