node	size	children
16	16384	18
33	65536	34
0	16384	9	21	23
28	65536	32
9	262144	14
37	65536	41
6	262144	9	19	29
27	16384	28
19	65536	20
32	16384	38
10	16384	12	19
31	262144	32
5	262144	10
8	262144	10
38	65536	40
7	65536	8	15
15	16384	22
26	65536	38
13	16384	15
24	262144	26
4	262144	11	13	33
21	262144	24
11	65536	16	23	31
23	65536	24
3	65536	11	17
17	262144	20
25	65536	26
20	65536	22
40	65536	42
22	262144	30
39	16384	40
30	262144	34
42	16384	
29	16384	30	39
41	65536	42
1	65536	12	25	27	29
36	65536	41
12	16384	14
35	65536	36
14	65536	18	39
2	262144	8	35
18	262144	28
34	65536	36	37
