node	size	children
21	65536	23	24
23	262144	25
25	262144	29	30
20	262144	25
29	262144	34
2	16384	10
10	65536	13	30
28	262144	29
0	16384	9	10
34	16384	35
9	262144	16
8	16384	9
30	16384	34
6	262144	8	16	22
16	262144	19
35	16384	
19	262144	23
33	16384	35
17	65536	19
32	65536	33
11	262144	13	17	18	26
31	16384	33
7	262144	11
27	16384	31
4	262144	7	14	22
14	65536	20	21	32
24	262144	27
1	16384	11	12	14
26	65536	27
12	65536	15	28	32
22	16384	31
15	262144	20	28
3	65536	7
13	65536	15	18
5	262144	8
18	262144	21
