node	size	children
32	16384	40
66	65536	68
13	262144	24	39	48
60	16384	62
27	16384	32
65	65536	66
24	65536	27
58	65536	60	65
28	16384	30	65
18	16384	20	25	27	28	63
23	65536	24
55	16384	58
30	262144	32
11	262144	18
20	16384	23	49
22	65536	26	37	55
68	262144	70
3	16384	18	43	61
5	65536	14	59
17	65536	20
43	262144	44
19	16384	22	67
67	65536	68
8	262144	17	53
12	262144	15	25	43
10	16384	19	29	33
70	65536	
53	262144	54
15	262144	22
29	16384	36
69	65536	70
54	16384	58
6	262144	15	45
41	16384	54
45	16384	46
0	262144	16	29
63	262144	69
16	262144	21	49	57
2	65536	23	41
34	16384	38	45
9	262144	19	55
49	262144	50
7	65536	16
21	262144	30
33	262144	34
50	16384	52
4	16384	21	51
31	65536	34	35	47
48	65536	50
51	16384	56
26	262144	31
47	262144	48
56	65536	69
57	262144	62
25	262144	26
44	262144	47
52	16384	56
35	16384	36	39
46	262144	52
61	65536	64
36	262144	38
42	262144	46
64	65536	66
1	65536	14	41	59
38	262144	42
14	65536	17
40	65536	42
62	262144	64
39	262144	44
37	16384	40
59	16384	60	67
