node	size	children
21	262144	28
2	16384	21	71
75	16384	80
71	65536	76
70	16384	72	75
28	262144	36
67	16384	70
23	65536	28
68	65536	70
4	16384	23
65	262144	68
36	65536	38
55	16384	58	87
44	262144	48	65	71
40	16384	44	47	51
87	262144	89
0	16384	27
27	65536	29
38	262144	40	63	69
89	65536	90
37	16384	38	53
7	262144	27
84	262144	89
29	16384	31	37	41
53	16384	56
78	262144	84
3	16384	29	33
56	16384	64
33	262144	34
72	65536	78
54	65536	56
66	16384	72
34	262144	42	75	83
63	16384	66
32	65536	34
50	262144	54
30	16384	32
83	65536	84
48	16384	50	55
90	262144	
9	65536	30
46	65536	48	85
19	65536	30	77
43	262144	46
88	16384	90
8	16384	19
25	262144	26	35	43
5	65536	19
82	16384	88
77	16384	78
81	65536	82
17	16384	25
47	16384	50	67	77
69	16384	74
13	65536	25	49
12	262144	20	47
64	262144	68
49	65536	52
20	262144	23
62	16384	64
52	65536	54
1	16384	20	61
61	16384	62
51	65536	52
26	262144	32	39	45	51
35	65536	36	37	61
24	262144	26	65
14	65536	22	35
22	262144	24	39
11	16384	24
18	262144	22	83
39	65536	42
42	65536	44
10	16384	18
45	65536	46
15	65536	18	41	81
41	262144	60
85	262144	86	87
60	262144	62	81
86	65536	88
58	65536	60
76	65536	86
57	16384	58
74	16384	76
31	16384	40	57
73	65536	74
16	65536	31	79
59	65536	66	73
79	262144	80
6	65536	21	55	59
80	262144	82
