node	size	children
27	16384	29	38	42	68
66	16384	75
13	65536	27	64
73	262144	75
64	65536	67
72	65536	73
51	65536	55	64
67	16384	69	72
49	65536	51	56
65	262144	67
47	16384	49
63	16384	65
46	65536	47	80
62	16384	63
37	65536	39	46
53	262144	63
36	65536	37	66
50	16384	53
31	262144	36	42	62
3	65536	18	50
42	65536	53
28	65536	31	56
15	16384	28
69	16384	71
16	16384	28
68	16384	69	72
71	65536	81
56	262144	61
70	16384	71
61	65536	65
60	65536	61
25	262144	27	70
18	65536	26	60
19	262144	25
11	65536	19
7	65536	18	48
48	65536	51	52
14	262144	19
52	65536	55	58
81	16384	87
55	65536	57
80	65536	81
57	65536	59	68
87	262144	89
1	262144	17	32	84
54	16384	57
84	65536	87
17	65536	20	44
59	65536	73
9	262144	17	34
26	262144	43	84
58	262144	59
34	65536	35	38
20	262144	26
35	65536	37
41	16384	49	58
0	262144	20
40	65536	41
43	16384	45
33	16384	35
10	262144	24	40
30	16384	33	82
32	16384	43
8	65536	21	30	32
45	16384	47
24	65536	25
21	16384	23	54
44	262144	45
22	65536	24	76
2	65536	21
12	262144	22	86
89	262144	
23	262144	29
5	65536	23	74
86	262144	88
88	262144	89
74	16384	79
76	65536	77
82	65536	85	86
79	262144	83
4	262144	22
85	16384	88
6	262144	31
78	65536	79
83	65536	85
29	65536	33
39	16384	41	46	78
77	262144	83
38	262144	39	66
75	16384	77
