node	size	children
32	262144	35	80
74	16384	79
35	16384	45	68
79	262144	83
31	65536	35
77	65536	79
30	16384	31	34
73	16384	77
69	16384	73
34	16384	37
67	16384	69
37	65536	39
68	65536	69
33	65536	37	40	44	70
25	262144	33
63	16384	73
21	65536	25	42
62	16384	63
61	65536	63	82
9	262144	21	44	48	52
44	16384	47
58	262144	61
47	262144	51
48	262144	49	58
46	262144	47	54
49	16384	55	82
28	16384	29	46	72
45	262144	49
19	65536	28	66
39	16384	45
14	262144	19
38	16384	39
6	16384	19
55	65536	61	84
66	65536	71
71	65536	75
84	16384	86
70	65536	71
5	16384	18	84
18	16384	27	46
59	16384	67	70
4	65536	18
57	16384	59	68	78
27	65536	33
86	65536	87
51	16384	57
78	16384	86
43	262144	51
87	262144	
41	65536	43	58
85	65536	87
40	65536	41	64
82	16384	85
64	16384	65	76
83	16384	85
65	262144	67
60	262144	65
81	16384	83
15	262144	17	60	72
80	262144	81
17	262144	22
75	262144	81
12	65536	17
72	65536	75
22	16384	27
76	65536	77
36	65536	41
8	16384	22	50	52
50	16384	53
0	262144	24	36
24	65536	25
2	262144	21	50
53	65536	55
16	16384	24
52	262144	53	74
42	16384	43
29	262144	31	42	56
11	65536	29
56	16384	57
54	262144	59
1	16384	28
10	16384	23	30	66
23	16384	26
7	65536	23
26	16384	30	62
20	16384	26	40
3	65536	20
13	65536	20	32	38	48	78
