node	size	children
24	65536	28
48	262144	50	61
13	16384	15	27
57	262144	58
0	16384	24	37	49
45	16384	48
37	16384	40
58	262144	60
15	16384	20	43	53
61	65536	62
40	16384	52
9	65536	15
52	16384	54
53	16384	58
20	65536	22	37
49	65536	50
36	16384	40
41	16384	44	53
19	65536	20	27
5	65536	16	49
11	262144	18	36
29	262144	30	41	65
55	65536	64
10	262144	19	31	43
18	16384	28
30	262144	34
64	65536	71
31	65536	32
4	262144	18	63
34	65536	36
60	262144	64	67
63	65536	68
26	65536	30	31
27	65536	34
67	16384	70
68	65536	71
25	65536	26	69
65	262144	66
66	16384	68
70	65536	72
7	16384	21	25	67
44	262144	46	55
62	65536	66
69	16384	70
21	16384	23	29	45
16	262144	21	39
56	262144	62
72	65536	
42	16384	44
6	262144	16	25	59
71	65536	72
47	65536	56	61
59	262144	60
39	16384	42
46	65536	48
22	65536	26	47
38	262144	42	59
3	16384	14
43	65536	46	51
14	16384	22	57
12	65536	19
33	16384	38
51	262144	54
1	16384	14	35	51	55
2	262144	17	29	33
35	16384	38	47
17	262144	23
54	65536	56
32	65536	35	57
8	262144	17
23	16384	24	39
28	16384	32	33
50	262144	52
