node	size	children
6	65536	12
14	262144	18
26	65536	30
18	16384	23
24	16384	26
17	16384	18	31
36	16384	39
3	65536	8	17	25
32	65536	36
8	262144	10
7	65536	8	13	19
29	262144	32
13	65536	15
31	262144	32
15	262144	22
39	262144	40
22	262144	26
35	262144	39
20	16384	22	25	29
40	65536	
1	65536	20	21	35
21	65536	33
19	262144	20
33	16384	34
2	16384	11	24
11	65536	12
34	65536	38
9	262144	11
25	16384	34
0	16384	9
5	16384	9	27
38	65536	40
27	65536	28	31
37	16384	38
10	65536	14	15	17	27
23	262144	28	37
4	262144	10	16
16	262144	19
28	65536	30
12	65536	14	16
30	65536	36
