node	size	children
47	262144	51
20	262144	27	36
43	16384	47
11	262144	20
42	65536	43	66	70
13	262144	20	74
66	65536	67
74	16384	77
67	65536	77
48	65536	49	74
64	16384	67	86
31	262144	33	48
28	65536	31
86	262144	87
78	16384	85	86
19	65536	28
75	65536	78
8	262144	19
2	16384	19	62
68	262144	75
62	65536	63
65	16384	68
63	262144	65
55	262144	65	82
59	16384	63
50	65536	55
57	65536	59
54	65536	55	82
56	16384	57
82	65536	88
22	16384	27	56	70	84
16	65536	22
88	16384	89
12	16384	22	60
84	262144	88
60	16384	61	66	68	80
89	65536	
87	16384	89
61	262144	71
85	262144	87
58	65536	61	72
40	262144	53	58
83	65536	85
5	262144	26	40	44	50	54	76
80	65536	83
26	65536	37	52
69	262144	73	80
7	262144	26	36	48	64
36	16384	39	64
73	65536	75
71	16384	73
39	65536	43
70	65536	71
38	65536	39
30	262144	33	38
81	65536	83
33	65536	35
79	65536	81
35	262144	41
72	262144	79
77	65536	79
41	16384	45
37	65536	41
76	262144	81
34	65536	37
53	65536	59
45	16384	49
52	65536	57
44	262144	45
49	65536	51
9	16384	31
51	262144	53
3	16384	21
0	262144	17	42
17	65536	23	30
15	262144	17
23	65536	25	42	78
4	16384	23
25	65536	28	84
21	262144	25	34
6	16384	21	46
46	262144	47	54
32	262144	38	46	69
1	65536	18	32
18	65536	24
10	16384	18
24	16384	29
14	65536	24
29	262144	35	62
27	16384	29
