node	size	children
8	65536	16	34
64	16384	66
47	262144	51
44	16384	45
16	65536	19	34
30	65536	35	44
33	65536	41	64
51	65536	55
35	262144	37
0	16384	16
19	65536	24
41	65536	45
55	65536	57
34	262144	35	56
18	65536	19	30	40
32	16384	41
56	65536	61
57	65536	59
10	65536	15	32
3	16384	18	50
49	262144	57
28	65536	31	56
50	262144	53
15	65536	18	48
59	16384	66
1	65536	14	28	36	60	62
53	16384	59
14	16384	21
48	65536	49
25	262144	32
52	16384	53	60
5	16384	14
36	65536	39	48
11	16384	25
21	16384	29
6	65536	20	52
20	65536	23	33	36
39	16384	47
7	16384	21	38	58
24	65536	25
38	262144	52
17	65536	20
37	16384	39
9	262144	17	38
31	65536	37	42
4	262144	17	26
58	65536	63
26	65536	27
29	65536	31
63	65536	65
22	65536	23	26
27	262144	29
62	16384	63
13	262144	15	22
23	65536	27
65	262144	67
2	16384	13
12	65536	13	54
42	65536	43
61	262144	65
54	262144	55
43	16384	49
60	16384	61
45	262144	51	54
40	65536	43	46
67	65536	
46	16384	47
66	16384	67
