node	size	children
12	16384	15	22
32	16384	35
46	65536	51
1	16384	12	24
30	262144	32
18	262144	20	46
24	65536	25
25	16384	29	30	40
51	262144	54
21	65536	24	36	50
29	16384	31	52
20	16384	21	26	34
47	16384	51
28	65536	29
35	262144	47
5	262144	13	18	20
13	65536	17
31	65536	37
54	262144	55
7	65536	13
26	65536	31
52	262144	54
17	262144	22	28
37	262144	39
55	262144	57
4	16384	17
22	262144	27
34	16384	37
53	16384	55
27	262144	35	42	50
39	262144	41
50	65536	53
0	262144	12
11	262144	27	33
33	16384	39
57	16384	
9	262144	11	23	36
6	65536	16	30	33
56	262144	57
23	262144	25	34
41	65536	53
8	16384	15	23
10	16384	11
38	65536	41	42
15	262144	19
42	262144	45
19	65536	21	28
45	262144	47	56
16	262144	19	26
43	262144	45
14	65536	16	32	38
40	262144	43
3	16384	14
2	16384	14
36	16384	43	46
