node	size	children
61	262144	62
10	262144	14
34	16384	42	47
59	65536	61
18	65536	22
31	262144	34
62	262144	
22	262144	24
1	65536	16	31
16	16384	18
47	16384	50
60	65536	62
24	65536	36
9	65536	16	25	39
54	16384	60
25	262144	26	27	29	35	41
23	262144	24
50	262144	54
26	262144	28
36	262144	40
4	65536	12	29	43
12	262144	17
46	262144	50	55
40	262144	44
21	16384	26	37	41
7	65536	12	33
45	16384	46
37	65536	38
33	65536	36
38	262144	40
42	262144	46
30	262144	32	37
35	16384	38
0	262144	13	33
41	262144	42	51
13	262144	17	21	55
29	65536	30	39	45
2	262144	15
51	65536	52
6	65536	13
39	65536	48
17	16384	19
52	262144	56
48	16384	58
19	262144	22	59
56	65536	58
44	65536	48
15	262144	19	23
55	16384	56
43	262144	44	57
3	262144	15	49
58	262144	60
49	262144	52
57	65536	61
20	16384	30	35	49
53	262144	54
32	65536	34	57
11	262144	14	53
5	16384	20
28	262144	32
8	262144	20	47
14	262144	18
27	65536	28
