node	size	children
17	262144	25	58
10	262144	24	46	52
51	262144	53
24	16384	27
32	262144	35	54	56
3	262144	17
46	262144	49	62	74
53	262144	55	68
14	65536	17
54	262144	55
43	65536	53
19	262144	25	32	46
38	65536	39	54
25	262144	33	44	72
1	16384	19
55	262144	59
21	65536	23	38
7	65536	19	36	48
33	16384	41
36	262144	37
59	262144	71
20	16384	21
28	65536	33
15	65536	20	36	50
57	65536	59
2	16384	20
44	16384	45
23	262144	29
5	262144	15	26	70
52	262144	57	68
72	262144	73
26	65536	30	32
29	262144	31	38
68	65536	69
73	262144	76
18	16384	21	26
31	262144	35
69	65536	71
70	65536	73
6	65536	18	42	62
30	262144	31
42	262144	43
67	16384	69
76	16384	77
39	65536	43	60
22	65536	23	28	42
65	16384	67
71	65536	76
34	65536	39	66
13	65536	22	40
63	16384	65
77	65536	
4	16384	16	34
40	262144	47
62	65536	63
75	262144	77
16	262144	22
47	16384	51
60	262144	63
74	65536	75
12	262144	16
27	262144	29	34
9	65536	18	56	60
45	65536	47
50	16384	61
56	16384	57
66	16384	75
41	16384	45	52
8	65536	15
61	262144	67	74
64	16384	65	66
0	16384	27
11	16384	24
37	262144	41
48	16384	49	64
58	65536	61
35	65536	37
49	262144	51
