node	size	children
30	262144	31	36
10	16384	13
62	16384	63
42	65536	47	56
36	16384	38	39	42	50	60
16	16384	19
46	65536	47	62
56	16384	59
19	65536	21	36	60
41	65536	45	46
6	65536	16	24
59	65536	65
24	262144	25	44
14	16384	19
38	65536	41
39	65536	43
20	16384	21	24
3	262144	14
45	65536	51
11	262144	14	52
5	16384	17
9	262144	20	32
44	16384	45
32	65536	33
21	65536	33	58
51	65536	53	62
22	16384	29	32
33	16384	37
8	262144	15	22
50	65536	51
58	65536	61
15	65536	18
53	65536	55
17	16384	23	38	39	58
2	65536	15
18	65536	20	42
43	262144	53
1	16384	17	28
28	65536	31	64
12	65536	18	54
40	16384	43
64	16384	66
54	16384	57
34	16384	35	40
66	16384	67
57	16384	66
29	65536	34
67	262144	
25	65536	29
55	16384	57
7	65536	27
65	65536	67
52	262144	55
23	65536	25	48
27	65536	41
63	262144	65
0	65536	23
37	65536	48	52
26	16384	27	30	54
48	16384	49
61	65536	63
35	16384	37	40
60	65536	61
4	262144	13	26	28	50	64
49	262144	59
13	16384	16	44
31	65536	35
47	16384	49
