node	size	children
21	262144	25
33	16384	37	59
11	16384	18
62	262144	64
0	262144	21	49
37	262144	40
58	16384	62
23	16384	26	65
49	262144	50
6	16384	27	59
16	65536	23	49
56	16384	58
50	65536	54	73	77
27	262144	34	38
54	16384	56
5	262144	16	63
34	262144	42
63	262144	70
43	65536	50
53	262144	54
72	16384	74
38	262144	44	63
3	262144	20	43	45
45	16384	48	61
15	16384	19	53
70	16384	72	77
20	262144	27	38
48	65536	52	57
19	16384	21	51
57	262144	70
13	65536	20	41	71
52	65536	56
25	262144	28	31	57
4	65536	19	29	31
77	65536	78
29	65536	32	37
41	16384	46
51	262144	52	67
78	16384	80
32	262144	36	67
46	16384	48
26	262144	28	29	51
12	262144	22
67	262144	68
74	16384	78
28	262144	30	79
44	65536	46
22	262144	24	71
68	16384	72
71	65536	74
30	65536	34
42	262144	44
79	262144	81
80	16384	82
66	65536	68
40	65536	42
1	65536	30	75
10	65536	22
24	16384	26
65	262144	66
73	16384	80
75	16384	76
39	262144	40	53
2	16384	24	47
64	16384	66
36	16384	39	69
76	16384	81
82	16384	
47	65536	58
69	16384	76
60	65536	64
35	16384	36	55
7	65536	16
8	262144	25
9	65536	17	47
17	65536	18
55	16384	60
31	262144	32	33	35
81	16384	82
61	65536	62	79
14	16384	17
59	65536	60
18	262144	23
