node	size	children
38	65536	40
44	16384	46
20	262144	28
40	65536	44
46	65536	48
26	262144	28
36	262144	40
39	16384	46
27	16384	32
35	16384	36
23	65536	24	39
37	16384	48
31	65536	36
24	262144	26
48	65536	52
28	16384	32
25	16384	26	31
22	262144	24	29
52	16384	54
10	65536	13	25
19	262144	22
54	262144	
0	16384	10	47
8	16384	10	19	45
47	65536	52
45	16384	50
43	65536	45	47
50	16384	53
41	262144	42	43
49	262144	50
15	262144	20	41
53	65536	54
13	16384	15	43
9	262144	12
51	65536	53
12	16384	15	37
4	262144	13	21	29
30	65536	34	51
21	262144	22	23
5	65536	12	17
17	65536	20	31	39
16	65536	18	21
18	262144	30
1	16384	14	17
6	65536	16	25
29	16384	30
14	262144	18	27	35	49
3	16384	16	33
34	65536	37
33	65536	42
11	262144	14
32	65536	34
42	262144	44
2	262144	11
7	262144	11	38
