node	size	children
5	262144	11	38
47	65536	55
10	65536	14	22
11	262144	14	34	38
43	65536	47
14	262144	16	36
1	262144	11	20
40	65536	43	44
20	262144	21
36	65536	53
3	65536	12	20	24
32	65536	33	40
53	262144	56
12	262144	15
33	65536	41	50
51	65536	53
8	65536	12	18	30
27	65536	33	54
18	16384	21
49	65536	51
26	65536	27
21	16384	28	32	48
48	65536	49	54
54	262144	55
28	65536	31	32	44
45	262144	48
24	262144	25	28
55	65536	57
38	262144	45
25	65536	27
57	16384	
42	65536	45
13	65536	25	52
56	16384	57
2	65536	15	26	42
15	16384	23
41	16384	43
6	262144	13
9	65536	13
23	65536	26	30
52	65536	56
39	16384	41
19	16384	23
37	16384	39
16	16384	17	46	52
0	16384	19	29	40
30	65536	37
7	16384	16	34
29	65536	39
34	16384	35
50	16384	51
17	65536	19	29	46	50
35	65536	37
44	65536	49
4	65536	17
31	262144	35
46	262144	47
22	262144	31
