node	size	children
54	262144	58	81
50	262144	54
49	262144	50
8	16384	23	33	89
58	262144	62
23	16384	24	71
62	65536	64
13	65536	23	69
61	16384	62
69	262144	74
64	65536	76	77
52	16384	58	69
42	262144	64
4	16384	25	52
40	262144	42	73
25	65536	29	65
73	16384	80
22	65536	25
80	262144	84
16	262144	22	41
72	65536	80
41	65536	42
70	65536	72	83	87
1	65536	26	39	41	57
26	65536	30	43
65	65536	70
18	262144	26
36	262144	38	65
15	65536	18	55
32	65536	36	59
55	262144	56
30	262144	32
28	65536	31	55
2	16384	30
14	16384	28	35
31	65536	32
11	16384	31
35	65536	40
59	262144	60	79
24	16384	27	35	45	63
20	65536	24
60	262144	66
56	262144	60
0	262144	20
5	65536	20
51	262144	56
27	16384	28
66	262144	68	83	91
7	16384	27
45	16384	48
63	262144	66
48	16384	51
68	262144	70
47	16384	48	73
67	262144	68
38	16384	40	47
83	262144	86
37	65536	38	51	75
86	65536	88
9	262144	18	37	39	71	89
84	262144	86
39	262144	46	63
82	16384	84
46	65536	50	52
76	16384	82	85
44	16384	46
74	65536	76
43	262144	44
71	65536	74
29	16384	44	49	61	67
85	65536	88
6	16384	29	53
53	16384	54
81	262144	85
88	262144	90
90	262144	92
78	65536	90
75	65536	78
77	16384	78	87
33	16384	34	77
10	262144	19	33
19	262144	21
17	65536	19	91
91	65536	93
93	65536	94
87	262144	93
94	16384	
92	262144	94
89	262144	92
21	16384	34
3	16384	21
34	65536	36
79	262144	82
57	65536	72
12	65536	22
