node	size	children
30	262144	32
17	65536	25	33
29	65536	30
25	262144	26
36	262144	40
26	16384	28
40	65536	42
24	262144	26
7	262144	8	17	21
39	16384	40
23	16384	24
8	16384	11	18
42	262144	
6	65536	8
22	65536	24	27
11	262144	12	29
21	65536	22
5	65536	11
12	262144	16	25	39
27	262144	28
9	16384	12
28	16384	34
0	262144	9	18
18	16384	20
34	262144	38
20	262144	22
16	262144	34
14	262144	20
38	262144	41
10	16384	14	15	31
35	65536	38
2	65536	10
41	16384	42
3	65536	10
15	65536	16	21	29	35
37	262144	41
13	262144	14	15	19	23
33	262144	36	37
1	65536	9	13
31	16384	32	33
19	262144	30	37
32	16384	36
4	262144	17	19	23
