node	size	children
22	262144	24	29	41
49	65536	50
29	262144	34	43
52	16384	
12	16384	22
43	65536	51
6	65536	12
51	65536	52
3	65536	16
20	262144	22
46	16384	51
17	262144	20
45	65536	46
8	16384	10	17	19	41	49
19	65536	24	33
35	262144	36	45
16	65536	18	19	21
36	262144	38
14	65536	16
38	16384	42
13	65536	14
5	65536	11	43
33	65536	38
11	262144	12
2	262144	13
42	65536	48
9	262144	13
0	262144	11	37
7	65536	14	21	25	35
41	65536	42
37	16384	44
21	16384	30
48	65536	50
44	65536	46
30	65536	35	49
47	65536	48
40	262144	44
28	65536	30	33
39	262144	40
1	16384	15	23	47
27	65536	28
15	16384	18
24	262144	26	32
10	262144	15	17	39
25	65536	26	27
18	262144	20
4	16384	10	32
26	65536	31
32	16384	40
23	16384	28
31	65536	34
50	16384	52
34	262144	36
