node	size	children
44	16384	46
37	262144	48
20	65536	22	37	65
18	65536	20
3	262144	18
8	65536	18
5	262144	20
65	262144	66
66	65536	78
60	65536	66	89
56	16384	60
53	262144	56
54	65536	56
58	16384	60
89	262144	90
90	262144	92
88	16384	90
83	262144	88
92	16384	
91	262144	92
86	262144	91
85	262144	86	87
71	65536	72	85
87	262144	91
84	16384	86
77	16384	84
70	16384	84
35	65536	36	37
36	65536	38
27	16384	36
12	16384	27
38	16384	40
75	262144	76
79	65536	80
17	262144	29
69	16384	70
52	65536	54	69
50	16384	52
47	65536	50
11	16384	21	47
49	16384	50
7	65536	26	49	77
26	16384	32
13	262144	26	51
51	65536	58	63
34	65536	38	41	51	75
33	16384	34	61
16	16384	23	33
61	262144	64
64	65536	68
62	65536	64
59	65536	62
14	65536	19	35
57	65536	62
2	16384	25	57	81
19	262144	25	59
25	65536	28
15	262144	19	45	67
28	65536	30	71
45	65536	52
10	262144	28
22	262144	27	45
30	262144	32
21	16384	22
32	262144	34	69	81
4	262144	21	43
43	262144	44
81	16384	82
82	262144	88
9	65536	31	43
31	262144	44	77	79
80	262144	82
29	262144	31	49
78	16384	80	83
23	65536	29
76	65536	78
0	262144	23	55
55	16384	58
74	262144	76
72	16384	74
40	262144	42	53	55	89
68	262144	72
39	262144	40
24	16384	30	39
63	262144	68
6	65536	24
48	16384	54	63	87
1	262144	24	73
73	65536	74	85
46	16384	48
67	16384	70	73	83
42	262144	46
41	16384	42
