node	size	children
18	65536	23
4	65536	11	34
11	65536	13
9	262144	11	12	18	20
6	262144	9	32
13	65536	17
32	262144	35
17	65536	19	20
35	262144	37
19	262144	21	27
33	16384	35
12	16384	19	26
31	16384	33
26	16384	33
30	16384	31
24	262144	26	27
25	65536	29	30
27	65536	30
23	16384	25
21	65536	25
22	65536	23
20	16384	21
2	16384	15	22
15	262144	17
37	262144	
14	16384	15
16	65536	29
10	65536	13	14	16
29	16384	31
0	16384	8	10
8	16384	10	24
1	262144	8	28
28	262144	36
36	16384	37
3	65536	7
34	65536	36
7	262144	9	12	14	16
5	262144	7	18
