node	size	children
8	65536	17
38	262144	39	42
33	65536	35	48
17	262144	19	22
42	262144	47
31	16384	33
16	65536	17	38
47	262144	51
14	65536	16	18	20
23	65536	31	46
45	16384	47
26	262144	33
0	262144	14	28
28	65536	29
37	16384	45
48	65536	49
22	16384	23	28	30	40
32	16384	37
49	262144	51
15	16384	21	22	38	44	50
1	262144	14	32	36	50
44	65536	49
36	262144	37
3	65536	15
12	262144	15
51	65536	55
34	16384	35	36
55	65536	57
29	16384	31	34	44
4	16384	12
6	16384	12
53	262144	55
27	262144	29	54
21	262144	27
13	65536	21
50	16384	53
25	262144	27
9	262144	13	24
52	65536	53
19	262144	25
24	262144	25	26
2	262144	13	52
5	65536	19
20	262144	23	24
57	262144	
54	65536	56
18	65536	39
10	16384	11	20	54
41	16384	43
56	16384	57
11	65536	16	42
40	262144	41
46	262144	56
7	262144	11	18
43	16384	45	46
30	262144	32
35	16384	43
39	65536	41
