node	size	children
47	16384	49	50
46	16384	47	54
23	16384	27	38	46	68
4	16384	23	58
58	65536	63
63	262144	65
62	65536	63
65	262144	67	76
67	262144	73	74
73	262144	79
71	65536	73	80
68	65536	71
80	262144	81
81	262144	87
77	65536	81
76	16384	77
32	262144	39	40	76
30	65536	32	88
24	65536	30
15	262144	24
14	16384	24	40
40	16384	41	82
41	262144	43
37	16384	41
33	16384	37	52	86
16	16384	33
31	65536	33
8	16384	31	34	60
34	16384	36
10	65536	22	34
22	65536	29
12	16384	22	44	90
44	16384	55
90	16384	93
93	262144	95
91	65536	93
82	16384	91
52	262144	53	82
89	262144	91
87	65536	89
85	16384	87
84	262144	85
72	65536	75	84
60	65536	61	72
61	262144	69
59	65536	61
54	16384	59	92
92	262144	95
95	262144	97
97	65536	
96	262144	97
86	16384	96
6	16384	35
45	65536	49	86
35	16384	37	42
39	262144	45
28	65536	35	36	48
36	16384	39
5	262144	28
38	262144	45
3	262144	28	64
64	65536	65
94	262144	96
19	16384	26	62	64
48	262144	51	94
17	16384	19
43	65536	47	48
1	65536	19
42	262144	43	74
26	16384	32
74	262144	77
20	65536	26	66
50	65536	59
18	65536	20
9	65536	20	70
69	65536	75
70	16384	71
66	65536	69
2	16384	21	44	70
21	262144	25
29	65536	31	66	78
0	16384	21
27	16384	29
25	65536	30	72
11	16384	27
7	16384	25	56
78	65536	79
56	16384	57
79	16384	83
57	16384	67
83	65536	85
55	65536	57	68	80
75	16384	83
53	16384	55
49	262144	51
51	65536	53
88	65536	89
13	16384	23
