node	size	children
30	65536	33
64	65536	76
9	65536	18	32
57	16384	61
25	16384	27	30
32	262144	37
74	65536	76
55	16384	57
1	16384	25
3	65536	19	32	46
27	65536	29	54
14	65536	18
44	65536	55
19	262144	24
42	262144	45
24	16384	27	34	74
0	262144	19	58
60	65536	65
58	262144	63
10	65536	24
65	262144	71
11	16384	17
63	65536	67
34	262144	35	36
8	65536	20	42	48	56
71	262144	73
13	262144	22
20	262144	23
61	16384	63
36	65536	39
69	262144	71
4	65536	20	62
59	65536	61
62	262144	65	74
39	65536	43
67	65536	69
56	262144	59
43	65536	51
23	16384	39	62	66
66	262144	67
21	65536	25	38	56
41	262144	43
22	262144	23	44
68	16384	69
16	16384	21	68
38	16384	41
17	16384	22	34	40	42	52	64
73	65536	75
5	16384	16
37	65536	41
12	16384	17	40	50
72	16384	73
6	65536	16	28	44
28	65536	31	68
40	262144	47
51	262144	53
7	65536	15
54	262144	59	72
31	65536	33	38
47	262144	55
49	16384	51
50	65536	54
18	16384	29	36
26	16384	31
45	65536	47	48	58	64
46	262144	49
75	262144	77
2	16384	15	26
35	16384	45	70
48	16384	49
70	16384	75
15	16384	21
29	65536	35
53	65536	57	60
77	262144	
33	262144	37
52	16384	53
76	16384	77
