node	size	children
17	262144	21
44	16384	46	71
36	262144	38	41
14	16384	17
41	262144	44	49
11	16384	18	31	33	59
35	262144	36	55
49	65536	50
7	16384	14
18	262144	23
55	16384	58	63
1	16384	14
50	262144	56
21	262144	22	41	67
58	65536	60
6	262144	18
23	262144	24	71
46	262144	50
15	16384	21	47
54	262144	58
9	65536	23
26	262144	46
10	65536	15	51
53	16384	54
24	16384	26
51	65536	52
22	65536	26
60	65536	70
8	16384	24	45
45	16384	48	53	57
52	65536	54
43	262144	44
56	65536	60
20	65536	28	45
74	16384	
42	65536	52
48	65536	56
12	16384	20
72	16384	74
38	16384	42	55
47	16384	48	65
2	16384	20	25	35	39	43
31	65536	38
69	262144	72
25	65536	28
65	262144	66
63	16384	64	69
4	65536	16	29	31
13	262144	15	65
19	65536	22	25
29	262144	30
64	262144	68
16	16384	19	43	59
66	16384	73
30	262144	32
57	65536	64
62	65536	66
3	262144	16	39	67
27	65536	30
39	65536	40
68	262144	70
61	65536	62
5	16384	19	27
40	65536	42	47	57
67	262144	68
32	262144	34	61
59	16384	62
37	262144	40
28	16384	32
70	65536	72
73	262144	74
33	262144	34	37	63
34	262144	36
71	16384	73
0	262144	17	33
