node	size	children
33	262144	35
13	16384	19
30	65536	33
19	262144	27
35	65536	
17	65536	19
16	16384	17
15	65536	17	18
18	65536	20
20	16384	21
21	65536	34
0	65536	9	20
34	65536	35
9	262144	11
4	262144	9	10	26	28	30
32	262144	34
10	262144	22
29	65536	31	32
1	262144	8	10	12
8	16384	21
28	16384	29
6	262144	8	24
24	65536	25
27	16384	29
11	16384	15	16	24	26
25	262144	27
3	16384	11	14	32
23	65536	25
14	262144	15	23
22	262144	23
5	16384	7	14	22
7	262144	13	28
31	16384	33
2	65536	7	12	16
12	16384	13
26	65536	31
