node	size	children
8	16384	13	30
1	262144	12
30	65536	32	40
3	262144	12	36	42
36	65536	37
32	65536	35	36
37	65536	41
35	262144	41
41	262144	44
34	65536	35
44	262144	45
14	65536	19	22	34
45	65536	
2	262144	14	38
38	65536	39
43	65536	45
39	262144	44
42	262144	43
31	16384	39
40	65536	43
27	16384	31
25	262144	29	34
26	65536	27
20	16384	25
7	16384	10	26
24	16384	25
6	65536	9	16	24
22	65536	23	26
9	16384	11
21	262144	27
5	65536	9
23	16384	33	40
11	65536	14	18
19	65536	21	28
16	65536	23
10	65536	11	20
18	262144	19
4	262144	13	16
0	65536	10	15	20
33	262144	37
28	16384	31
15	262144	17	30
29	262144	33
17	262144	21
12	262144	29
13	65536	17
