node	size	children
31	65536	33
28	262144	29
78	65536	87
25	262144	28	48
9	262144	31	40	80
71	262144	78
80	262144	83
23	65536	25	32
68	65536	71
83	262144	85
14	65536	23	46	54	80
69	65536	71
81	262144	83
46	65536	51
62	262144	69
77	262144	81
24	65536	25	32	36	42	46
89	16384	
72	16384	77
19	16384	24
73	16384	77	82
8	262144	19	38
52	65536	53
38	16384	39	66
82	16384	85
60	262144	61	64
17	16384	22	38	64
85	65536	88
64	16384	65
88	262144	89
15	262144	17
10	65536	19
84	65536	88
1	16384	17	66	70
66	16384	67	70
58	65536	63	84
5	16384	23
67	16384	72
63	65536	69
65	262144	67
61	65536	63
59	16384	65
55	65536	61
50	65536	59	78
51	65536	55
40	16384	41	50
54	16384	55	56	62
35	262144	37	40	76
11	65536	24	54
34	65536	35
56	65536	57	68	86
26	16384	34
57	16384	59
13	262144	26
53	16384	57
2	262144	26	34	50
32	16384	35	44
47	16384	53
45	16384	47
44	262144	45
43	65536	45
27	16384	33	44
41	16384	43
3	65536	27
22	65536	27
36	65536	41
20	262144	22
39	262144	43	52
6	16384	20
29	16384	39	42	74	86
7	16384	20	30
30	262144	31	60
42	16384	47
18	16384	29	30
74	262144	75
16	16384	18
75	262144	79
12	65536	18	48	58
70	65536	75
48	65536	49
79	65536	81
49	262144	51	68
76	262144	79
0	65536	21	73
37	262144	49
21	16384	28	82
86	16384	87
33	65536	37
4	262144	21
87	65536	89
