node	size	children
15	16384	16	37	43	45
20	262144	23	29
46	65536	48
58	65536	66
2	65536	15	39
18	262144	20	25	41	49
39	16384	46
43	16384	46
53	16384	58
4	262144	18
50	16384	56	69
19	262144	22	39
45	16384	53
3	262144	18
25	65536	30
49	16384	50
13	262144	19	27	47
54	262144	58
30	262144	32	33
56	65536	60
27	65536	30
0	65536	16	59
65	262144	66
32	262144	36
52	262144	56	65
12	262144	21	27	57
69	262144	70
31	65536	32
51	16384	52	57
21	262144	23	59
70	65536	
1	16384	17	31
57	16384	64
14	65536	21	25
47	16384	52
17	262144	22	29
64	65536	67
11	262144	14
10	65536	17
9	262144	20	47
63	65536	64
6	65536	14	35	49
22	16384	24
7	65536	26
35	16384	38
67	65536	68
24	65536	28
38	16384	40
62	16384	67
8	262144	24	41
37	262144	38
41	16384	42	45
60	65536	62
40	65536	44
42	16384	44
59	65536	60
34	262144	40	65
36	262144	42
55	262144	62
28	16384	34
33	16384	36
29	262144	34	55
26	65536	28	54
5	16384	15	33
68	16384	70
44	16384	48
23	262144	26	63
16	65536	19	31
66	65536	68	69
48	262144	50	51
