node	size	children
7	16384	15	24	26
38	65536	45
24	65536	25	28	38
31	16384	33
36	262144	45
0	16384	14
12	16384	18
20	65536	21	24	62
29	16384	31
51	65536	53
9	16384	23
17	65536	20	56
26	16384	29
53	262144	59
6	262144	15
3	65536	17
21	16384	33
1	16384	17	22
43	262144	53
22	262144	26	36	40	42
18	65536	21	36
42	262144	43
8	16384	20	22	30
14	262144	18
59	65536	61
30	262144	31
4	262144	14	28	50
56	65536	59
19	262144	27	30
28	16384	39
61	65536	66
27	65536	29	48
39	262144	41
58	16384	61	62
25	65536	27	32	34
37	16384	39
23	65536	25
54	16384	58
41	65536	43
5	16384	23	32	60
62	16384	65
40	262144	41	46	48	54
32	262144	35
2	262144	16	51
65	65536	67
16	16384	19
48	16384	50
35	262144	37
45	16384	49	51	58
63	65536	65
13	16384	16
50	65536	57
34	262144	35	52	64
60	65536	63
57	262144	63
10	16384	13
52	262144	55
67	65536	
55	65536	57
11	262144	13	44
47	16384	49	52
66	262144	67
44	16384	47
49	16384	55
46	65536	47
64	16384	66
15	16384	19	38	44
33	262144	37	46
