node	size	children
30	65536	32	42	79
27	16384	30	69
1	262144	27
2	65536	27	81
81	65536	82
82	262144	84
73	65536	82
46	262144	52	66	73
45	262144	46	65
65	262144	69
52	16384	65
50	65536	52	55
49	16384	50
28	262144	31	49	75
13	16384	28	66
66	262144	70
70	65536	74
31	262144	32	53	77
32	65536	36
36	65536	41	61
35	65536	36	43
43	16384	44	61
61	65536	62
62	16384	64	67
56	16384	62
54	65536	56
53	16384	54
55	16384	56
41	262144	46
39	65536	41
77	262144	78
78	262144	86
14	262144	19
76	16384	78
19	16384	24	33
75	262144	76
12	65536	19	51
71	16384	72	75
4	262144	34	71
51	16384	54	87
34	262144	40
37	16384	45	49	51	57
72	65536	76
25	16384	37	39
69	65536	72
10	65536	25
84	65536	89
5	262144	25	87
89	262144	90
87	262144	88
85	16384	89
88	16384	90
90	65536	
86	262144	88
80	16384	86
6	262144	30
79	262144	80
74	262144	80
58	16384	60
67	262144	74
57	65536	58
24	16384	29	67
23	16384	24
3	16384	23
9	65536	23
29	16384	31	81
22	65536	29	63
8	262144	22
11	262144	22
63	65536	68
68	16384	70
64	262144	68
60	65536	64
59	16384	60	85
17	16384	18	59
18	262144	20
16	262144	18	47	55	71
47	262144	48	77
48	262144	50
44	262144	48
40	65536	44
38	16384	40
33	262144	34	35	38	43
7	16384	20	33	42
20	262144	26	57
26	16384	28
21	16384	26
0	16384	21
15	262144	21	37	83
83	16384	84
42	65536	58	83
