node	size	children
36	65536	41
42	65536	45	46	60
25	16384	28
33	16384	36
46	262144	47
1	65536	18
17	65536	19	25	32	37	38
30	262144	31
43	16384	45	46
31	16384	33
6	16384	17
8	16384	17	37
38	262144	43	52
27	65536	31
37	16384	39
11	65536	13	25
52	16384	55	56
26	262144	27	30
39	65536	51
62	262144	64
18	16384	21	26
55	65536	59
35	16384	39
16	16384	18	22	42	44
54	16384	55
32	16384	35
14	262144	16
59	16384	63
28	16384	35
4	262144	14
57	65536	59
51	16384	53	54
9	262144	14	29
56	65536	57
29	16384	34
45	262144	47	62
50	65536	51
3	65536	15	26	29	58
12	262144	16	56
10	262144	13	50
15	16384	22	52
49	65536	57
53	262144	61
7	262144	15
47	16384	49
22	65536	24	48	58
44	262144	53
0	16384	20
48	65536	49	60
24	262144	33	34
20	16384	23
61	16384	64
21	16384	24
60	262144	63
2	65536	20
58	16384	61
23	262144	27	44
19	16384	21	50
63	65536	65
64	262144	65
5	16384	23	40
13	65536	19	32	62
65	262144	
40	262144	41
34	65536	36
41	262144	43
