node	size	children
31	16384	32	47
57	262144	58
38	16384	52
32	65536	40
41	16384	42	45	57
37	262144	38
25	262144	32
45	65536	48
56	262144	61
12	16384	16	25	41
51	65536	54	59
53	262144	56
2	16384	12	43
0	16384	14	25
43	65536	44
59	65536	60
14	262144	22
61	16384	62
39	65536	40	57
36	16384	38	39	43
23	65536	24
9	65536	14	21	55
55	16384	61
21	16384	26	33	45
33	262144	36
8	262144	15
62	65536	
10	65536	19
6	262144	13	21	31
7	65536	12	33
13	262144	18
35	16384	36	41	59
60	262144	62
5	262144	13
58	262144	60
29	262144	34	35	39
18	65536	20	23
54	16384	58
34	16384	46	53
1	262144	18	27
50	16384	54
27	65536	28	51
30	262144	34
47	16384	50
26	16384	30
28	262144	30	35
48	65536	50
20	16384	28
24	16384	26
46	65536	48
15	262144	17
19	16384	20	23	29	51
22	65536	24	47
44	262144	46
16	16384	22	49
17	16384	19	37
42	262144	44
3	65536	16
11	16384	17
49	262144	52	53
40	65536	42
52	262144	56
4	16384	15	31
