node	size	children
12	262144	18	28	52
49	262144	53
40	16384	41	57	70
24	65536	25	57
42	65536	49
28	16384	30	32	34
22	65536	24
70	65536	71
57	16384	61
8	65536	16	28	40	56	60
53	262144	55
15	65536	22
16	262144	22	34
71	16384	73	74
52	262144	53
9	16384	15	30	42
74	65536	76
4	262144	16	68
30	262144	37
55	65536	59
68	262144	71
76	262144	77
37	262144	43
44	65536	56	68
54	65536	55	64
77	16384	
34	65536	37	66
3	16384	17	44	70
59	262144	65
31	262144	33
17	16384	23
66	16384	67
51	65536	59
43	262144	45
13	262144	17	38	66
67	16384	69
65	262144	72
11	262144	15
38	16384	43
56	65536	67
63	65536	65
0	65536	35
1	16384	18	38	50
69	65536	76
36	65536	39
50	16384	51
58	16384	63
2	65536	19
23	65536	27
45	65536	47	50
62	16384	63
19	262144	29	48
64	16384	69
48	65536	51	64
41	262144	45
72	16384	75
5	65536	19
25	16384	31	48
29	262144	31	36
39	65536	41	74
75	262144	77
21	16384	25	46	58
27	16384	29
73	262144	75
35	262144	39
6	65536	21
26	262144	27
61	16384	73
33	65536	35
10	16384	21
20	16384	23	26	36	62
60	262144	61
18	262144	20	54
46	262144	47	62
32	16384	33
7	16384	20
14	16384	24	32
47	65536	49	54
