node	size	children
89	16384	90
60	262144	62
86	16384	89
59	262144	60	79
84	262144	86
21	16384	38	59	77
81	262144	84
18	262144	21
72	16384	76	81
1	16384	18
11	262144	18
70	262144	72
10	16384	21
69	16384	70
38	65536	46	53
24	65536	26	69
46	65536	48
4	16384	24
6	65536	24
44	262144	46
20	16384	23	81	83
43	65536	44
2	262144	20	39
41	16384	42	43
17	262144	20
42	65536	56
83	16384	86
73	65536	74	83
39	65536	42
74	65536	78
16	262144	22	39
68	16384	74
22	16384	27	61
3	16384	22
61	262144	68
27	262144	31
56	16384	68
31	65536	32	37
53	16384	56
26	16384	31
78	262144	84
25	262144	26
77	262144	78
7	16384	25
8	65536	25	45	71
90	16384	
45	16384	48
88	262144	90
48	65536	54	77
85	65536	88
54	16384	57	87
82	16384	88
52	65536	54
75	16384	82
57	65536	64
37	16384	40	75
64	262144	66
40	65536	44
63	16384	64
35	262144	40
66	16384	70
5	262144	29
15	16384	19
62	262144	66	85
55	262144	62	79
79	262144	80
80	16384	82
76	262144	80
71	65536	76	87
87	16384	89
0	65536	28	45	63
28	16384	30	49	58
23	262144	28
9	65536	23	65	85
65	65536	67
67	65536	72
51	262144	52	67
19	65536	27	51	55	73
14	65536	19	33	35
33	16384	34
34	16384	36	41
12	262144	34	47
47	16384	50
50	65536	52
49	16384	50	51
36	262144	38	49	57
32	16384	36
30	262144	32	61
29	65536	30
13	16384	29	58
58	65536	60
